 -1.10384998e-02
 -2.83613815e-02
 -7.89237875e-02
 -7.56927860e-04
 -1.50751251e-01
 -3.12972425e-01
 -3.28486774e-02
 -3.50941485e-02
 -1.19058744e-01
 -8.05228964e-04
 -1.14597238e-02
 -1.21499856e-01
 -5.75367326e-02
 -5.48271189e-02
 -1.81873892e-02
 -8.63891693e-02
 -1.04596039e-01
 -6.85297804e-02
 -2.00353810e-02
 -1.61638545e-03
 -1.27628912e-01
 -1.04059217e-01
 -1.38369893e-01
 -1.30926355e-02
 -1.32567046e-01
 -1.49052168e-01
 -1.03152777e-02
 -1.74696944e-01
 -1.67301533e-01
 -6.15613576e-03
 -2.85432988e-02
 -7.54735821e-02
 -6.69428333e-04
 -1.33986435e-02
 -3.37511135e-02
 -6.23978236e-02
 -1.18381644e-01
 -3.81619856e-02
 -8.69880267e-02
 -1.18415939e-01
 -2.66504730e-02
 -2.07127565e-01
 -6.70766812e-02
 -2.74201511e-01
 -1.33855868e-01
 -1.85962303e-04
 -3.46620690e-02
 -4.59544337e-02
 -5.86654085e-03
 -2.16152216e-01
 -1.66944778e-02
 -4.97895341e-02
 -9.29138455e-02
 -1.11911311e-02
 -6.77690978e-02
 -2.37038084e-02
 -1.92633655e-02
 -1.11400474e-01
 -7.69200039e-02
 -1.65802602e-02
 -2.72815781e-02
 -2.88888178e-02
 -2.08612924e-01
 -3.69385004e-02
 -1.22023496e-03
 -3.07555710e-02
 -2.60756967e-02
 -6.42273508e-02
 -1.97408172e-02
 -5.84830001e-02
 -2.69382409e-02
 -1.50106697e-01
 -5.16572801e-02
 -1.38807027e-03
 -1.07066932e-02
 -8.59464407e-03
 -5.56681943e-02
 -1.30620492e-01
 -1.24929330e-01
 -3.21989706e-02
 -3.47683597e-02
 -2.48414745e-02
 -3.07655955e-02
 -2.32829660e-02
 -4.54724193e-02
 -2.09849571e-03
 -2.24269140e-02
 -1.21679023e-01
 -6.52873779e-02
 -1.82717993e-01
 -5.37466160e-02
 -2.58806608e-02
 -1.15305454e-01
 -2.16688521e-01
 -5.65346049e-02
 -7.31839634e-02
 -1.69490421e-01
 -1.42380943e-01
 -2.75015045e-01
 -1.25550635e-01
