 -2.98107395e-04
 -1.72918165e-02
 8.91060789e-02
 8.21620560e-05
 -1.34297065e-01
 3.61098868e-01
 3.50786027e-02
 3.82567004e-02
 -1.10329882e-01
 -1.95270640e-04
 7.37316596e-03
 -1.11224297e-01
 6.49358598e-02
 6.18648300e-02
 -1.98772072e-04
 9.99419065e-02
 -9.44557482e-02
 7.12559823e-02
 -1.06681298e-03
 -9.98103766e-04
 -1.14063055e-01
 -9.22006881e-02
 1.52086016e-01
 1.30902846e-02
 1.47558894e-01
 1.69405645e-01
 -1.39159278e-03
 2.01918547e-01
 1.91511390e-01
 1.08114048e-03
 -1.96656219e-02
 8.26521860e-02
 -4.53930351e-04
 -2.05398003e-03
 -2.52864737e-03
 -5.40247647e-02
 -1.06660169e-01
 4.03532993e-02
 9.88613740e-02
 -1.06097216e-01
 -1.83664788e-03
 -1.90063157e-01
 7.33244341e-02
 -2.47144848e-01
 1.55091574e-01
 1.45317164e-04
 3.74882125e-02
 -2.57119861e-03
 -1.26791892e-05
 -1.97069507e-01
 -1.28239426e-02
 5.32459587e-02
 1.00658694e-01
 1.00125215e-02
 -5.89781327e-02
 -1.30357528e-03
 -2.12229330e-03
 1.21915313e-01
 -6.90244675e-02
 -2.85929619e-04
 -1.35636181e-03
 -1.82204572e-02
 -1.92908265e-01
 -3.15543659e-02
 1.21704036e-03
 -2.84583986e-02
 2.92313470e-02
 -5.50647835e-02
 -1.64277581e-03
 6.06582481e-02
 -2.48084423e-03
 1.68613342e-01
 -4.45545245e-02
 1.28029342e-03
 -1.50877606e-03
 -1.25589343e-03
 -5.03815592e-02
 1.45944315e-01
 1.47381734e-01
 -2.25428648e-03
 3.75927871e-02
 2.16737084e-02
 -2.49645772e-03
 -2.08559119e-03
 4.63290474e-02
 2.34718246e-03
 2.36307429e-02
 -1.11511814e-01
 7.22660573e-02
 -1.65956455e-01
 -3.94362031e-03
 2.68358787e-02
 1.29149481e-01
 -1.96574153e-01
 6.26262986e-02
 8.19463285e-02
 -1.47695297e-01
 1.60542030e-01
 -2.52363126e-01
 -1.14769299e-01
