0.001 1.76767e-07 2.66314e-07
0.001 1.05981e-07 6.38439e-08
0.001 1.45838e-05 1.31977e-05
0.001 2.50778e-05 2.05903e-05
0.001 7.05403e-07 5.69753e-07
0.001 3.05333e-07 8.98061e-08
0.001 6.38713e-06 5.21441e-06
0.001 3.88538e-06 2.44129e-06
0.001 3.29191e-07 2.30509e-07
0.001 2.76701e-06 2.37748e-06
0.001 1.95105e-06 1.32024e-06
0.001 2.73478e-05 2.37532e-05
0.001 1.6604e-07 9.5495e-08
0.001 2.04378e-05 1.77562e-05
0.001 1.26957e-05 1.0781e-05
0.001 1.50809e-05 1.28299e-05
0.001 2.85863e-05 2.42181e-05
0.001 1.86311e-07 2.92022e-07
0.001 1.72004e-06 1.4629e-06
0.001 1.0941e-05 8.24928e-06
0.001 1.03827e-05 8.93448e-06
0.001 9.24551e-06 8.45586e-06
0.001 9.21449e-07 1.42898e-06
0.001 2.29733e-05 1.93104e-05
0.001 9.68537e-06 7.81484e-06
0.001 9.10414e-06 7.97805e-06
0.001 1.49655e-06 1.32959e-06
0.001 3.5364e-06 2.29159e-06
0.001 1.75534e-05 1.68218e-05
0.001 9.92133e-07 1.28192e-06
0.001 1.42926e-05 1.23135e-05
0.001 3.41881e-05 2.79323e-05
0.001 1.51439e-05 1.32265e-05
0.001 2.01816e-07 1.82831e-07
0.001 6.26928e-08 7.86628e-08
0.001 9.72564e-07 1.27995e-06
0.001 3.13711e-07 5.4253e-07
0.001 3.13212e-05 2.81284e-05
0.001 1.19344e-06 1.07338e-06
0.001 8.70582e-06 6.75202e-06
0.001 1.42993e-05 1.24103e-05
0.001 1.90989e-07 1.11302e-07
0.001 6.72446e-06 5.17638e-06
0.001 1.89199e-07 1.38586e-07
0.001 1.715e-07 2.58119e-07
0.001 4.6389e-06 3.05275e-06
0.001 4.58238e-07 3.44454e-07
0.001 1.63579e-05 1.5133e-05
0.001 3.06275e-06 2.76997e-06
0.001 3.66808e-06 3.98973e-06
0.001 1.42244e-05 1.21128e-05
0.001 2.72485e-06 2.13932e-06
0.001 3.26584e-06 2.72319e-06
0.001 4.43058e-05 3.74935e-05
0.001 2.05358e-06 1.59523e-06
0.001 7.58034e-06 5.66699e-06
0.001 1.16666e-07 6.63385e-08
0.001 2.18845e-06 1.52069e-06
0.001 9.24424e-06 9.15478e-06
0.001 1.97948e-07 1.54643e-07
0.001 5.21337e-06 4.7853e-06
0.001 3.48901e-07 1.34276e-07
0.001 2.06922e-06 1.74117e-06
0.001 2.70923e-06 2.38134e-06
0.001 1.44167e-06 1.89048e-06
0.001 1.85153e-07 1.68633e-07
0.001 1.55541e-06 1.0663e-06
0.001 1.91955e-06 1.71502e-06
0.001 1.75276e-07 1.64802e-07
0.001 4.28433e-06 2.79794e-06
0.001 3.64679e-05 3.22226e-05
0.001 6.02938e-07 7.39617e-07
0.001 5.21983e-06 3.88014e-06
0.001 1.36415e-05 1.10286e-05
0.001 1.69044e-07 2.53091e-07
0.001 5.33024e-07 3.74633e-07
0.001 6.86238e-06 5.82711e-06
0.001 2.20217e-06 1.58525e-06
0.001 1.18957e-07 1.13981e-07
0.001 1.72829e-06 1.68842e-06
0.001 1.95642e-05 1.67651e-05
0.001 1.13551e-07 8.83744e-08
0.001 1.64975e-06 1.25562e-06
0.001 5.34013e-08 3.82747e-08
0.001 1.1441e-05 8.39261e-06
0.001 3.3596e-05 2.80469e-05
0.001 1.49371e-06 1.09391e-06
0.001 1.22525e-06 1.41731e-06
0.001 9.85825e-07 1.05716e-06
0.001 2.6452e-05 2.2886e-05
0.001 3.40352e-07 2.12742e-07
0.001 2.5079e-06 3.30613e-06
0.001 2.37656e-07 1.62138e-07
0.001 2.25342e-07 2.33766e-07
0.001 9.61088e-07 1.18029e-06
0.001 1.2279e-07 1.27565e-07
0.001 5.31604e-05 4.58645e-05
0.001 2.37073e-05 2.03241e-05
0.001 1.04706e-05 8.99621e-06
0.001 1.72445e-06 1.76192e-06
0.00115 1.17642e-06 1.23542e-06
0.00115 6.25474e-06 4.02021e-06
0.00115 4.29055e-07 4.08641e-07
0.00115 1.56704e-05 1.41676e-05
0.00115 1.26087e-05 1.0074e-05
0.00115 4.27481e-07 4.79676e-07
0.00115 3.5685e-06 2.73941e-06
0.00115 8.37067e-07 6.20779e-07
0.00115 7.38625e-07 3.30902e-07
0.00115 3.08007e-07 1.92091e-07
0.00115 9.85539e-06 7.38954e-06
0.00115 2.51254e-07 2.1355e-07
0.00115 1.89279e-06 1.67468e-06
0.00115 2.30305e-05 1.84702e-05
0.00115 4.04535e-07 2.48167e-07
0.00115 3.11854e-05 2.64006e-05
0.00115 1.84778e-05 1.65251e-05
0.00115 1.45895e-06 1.17579e-06
0.00115 3.76736e-05 3.21758e-05
0.00115 2.51021e-05 2.01049e-05
0.00115 2.74069e-07 1.09878e-07
0.00115 8.43367e-06 7.13302e-06
0.00115 2.88403e-06 1.5763e-06
0.00115 1.13983e-06 1.32714e-06
0.00115 6.37286e-06 6.05765e-06
0.00115 3.08229e-05 2.767e-05
0.00115 1.09668e-06 1.22498e-06
0.00115 3.63324e-06 2.9825e-06
0.00115 1.99982e-06 2.30699e-06
0.00115 4.9627e-06 4.60864e-06
0.00115 5.72062e-06 5.14583e-06
0.00115 1.26918e-05 1.08688e-05
0.00115 1.55938e-06 1.61346e-06
0.00115 7.13481e-06 7.04428e-06
0.00115 4.4066e-06 3.068e-06
0.00115 1.91082e-05 1.50404e-05
0.00115 1.46895e-07 1.33599e-07
0.00115 6.79918e-07 5.52395e-07
0.00115 5.7607e-06 5.15984e-06
0.00115 3.92986e-05 3.61966e-05
0.00115 2.56038e-05 2.22664e-05
0.00115 6.7384e-06 5.81382e-06
0.00115 4.9417e-06 4.3316e-06
0.00115 1.98724e-06 1.44812e-06
0.00115 2.5746e-07 1.48295e-07
0.00115 3.51139e-05 2.73683e-05
0.00115 1.40353e-05 1.34584e-05
0.00115 6.35114e-06 5.39599e-06
0.00115 4.62099e-05 4.02092e-05
0.00115 5.59026e-06 5.21467e-06
0.00115 2.6076e-06 2.75059e-06
0.00115 3.71294e-06 2.78615e-06
0.00115 2.492e-07 2.90198e-07
0.00115 2.34674e-06 2.21853e-06
0.00115 4.16894e-05 3.68925e-05
0.00115 1.32717e-06 1.27583e-06
0.00115 6.97019e-07 5.90703e-07
0.00115 9.23634e-06 7.87726e-06
0.00115 1.81058e-07 2.96994e-07
0.00115 4.55725e-05 3.71578e-05
0.00115 1.80334e-06 2.11379e-06
0.00115 1.04736e-06 5.09552e-07
0.00115 2.8176e-05 2.55345e-05
0.00115 7.04223e-07 5.84411e-07
0.00115 3.65512e-07 2.82734e-07
0.00115 7.53388e-06 5.27674e-06
0.00115 7.3278e-06 5.23099e-06
0.00115 7.34644e-06 6.42597e-06
0.00115 4.56959e-06 3.94769e-06
0.00115 1.66067e-07 1.26144e-07
0.00115 1.23143e-06 1.03848e-06
0.00115 2.84629e-06 2.01585e-06
0.00115 1.09641e-05 8.69883e-06
0.00115 9.03371e-06 7.35133e-06
0.00115 3.17146e-06 2.84324e-06
0.00115 2.91503e-06 1.6923e-06
0.00115 2.35058e-05 2.29985e-05
0.00115 1.5628e-05 1.45783e-05
0.00115 8.56597e-05 7.23226e-05
0.00115 1.36294e-07 2.38917e-07
0.00115 1.0357e-07 1.11075e-07
0.00115 3.76474e-05 3.34232e-05
0.00115 1.52789e-05 1.20635e-05
0.00115 2.03825e-05 1.59872e-05
0.00115 2.38911e-06 1.97388e-06
0.00115 2.14112e-05 1.89887e-05
0.00115 2.783e-07 3.27546e-07
0.00115 9.16385e-06 7.79197e-06
0.00115 6.47179e-06 5.75775e-06
0.00115 1.89167e-06 8.87664e-07
0.00115 2.47674e-05 2.07726e-05
0.00115 1.1163e-05 9.2547e-06
0.00115 2.0933e-06 1.81682e-06
0.00115 2.72452e-05 2.36101e-05
0.00115 2.364e-05 2.01917e-05
0.00115 6.12784e-06 5.37856e-06
0.00115 9.62872e-07 8.41096e-07
0.00115 2.68335e-06 2.37902e-06
0.00115 3.9347e-07 3.08985e-07
0.00115 6.5875e-07 4.69538e-07
0.0013225 2.6717e-07 1.47186e-07
0.0013225 4.94083e-05 3.99323e-05
0.0013225 4.58317e-07 4.27617e-07
0.0013225 5.16127e-07 5.6375e-07
0.0013225 1.36609e-05 1.23422e-05
0.0013225 2.42075e-06 2.40548e-06
0.0013225 1.14966e-05 1.03706e-05
0.0013225 6.66981e-06 4.82232e-06
0.0013225 1.99676e-06 1.49481e-06
0.0013225 1.28521e-05 1.14943e-05
0.0013225 3.19671e-07 1.94253e-07
0.0013225 3.77163e-06 2.82938e-06
0.0013225 9.58972e-06 7.65509e-06
0.0013225 1.67477e-06 1.46604e-06
0.0013225 1.82785e-06 2.0875e-06
0.0013225 6.77388e-07 1.00182e-06
0.0013225 6.19966e-06 6.60969e-06
0.0013225 2.46624e-07 2.03632e-07
0.0013225 9.44744e-06 7.57365e-06
0.0013225 2.74843e-05 2.44414e-05
0.0013225 4.09865e-05 3.52938e-05
0.0013225 1.86863e-05 1.61712e-05
0.0013225 2.18409e-06 1.94497e-06
0.0013225 5.20003e-07 5.77557e-07
0.0013225 1.27287e-05 9.78908e-06
0.0013225 9.49475e-06 8.56909e-06
0.0013225 5.44407e-06 4.95937e-06
0.0013225 2.92259e-05 2.44411e-05
0.0013225 2.11435e-07 1.55106e-07
0.0013225 9.63192e-07 8.87669e-07
0.0013225 8.28452e-07 1.19905e-06
0.0013225 4.46986e-06 4.808e-06
0.0013225 4.7717e-05 4.18934e-05
0.0013225 2.78081e-06 2.23014e-06
0.0013225 2.70684e-05 2.43317e-05
0.0013225 1.53058e-05 1.52605e-05
0.0013225 2.2384e-05 2.2261e-05
0.0013225 4.48956e-06 4.10042e-06
0.0013225 5.56233e-06 4.83998e-06
0.0013225 4.30159e-05 3.5588e-05
0.0013225 1.02783e-06 1.00599e-06
0.0013225 5.68881e-06 4.93885e-06
0.0013225 2.9065e-06 3.01737e-06
0.0013225 2.3028e-05 1.77826e-05
0.0013225 4.23195e-05 3.76636e-05
0.0013225 1.79377e-06 1.17687e-06
0.0013225 2.08702e-06 2.03443e-06
0.0013225 4.69924e-05 4.08351e-05
0.0013225 2.39311e-06 1.73505e-06
0.0013225 3.29123e-07 1.96524e-07
0.0013225 6.92084e-06 6.52382e-06
0.0013225 3.76802e-05 3.22368e-05
0.0013225 5.53391e-06 4.26223e-06
0.0013225 1.47625e-06 9.46105e-07
0.0013225 5.86799e-07 3.89752e-07
0.0013225 1.14616e-06 9.44931e-07
0.0013225 4.37495e-05 3.89403e-05
0.0013225 7.86444e-06 8.02658e-06
0.0013225 5.47438e-06 5.43306e-06
0.0013225 1.11607e-05 9.55817e-06
0.0013225 1.78596e-06 1.54758e-06
0.0013225 1.51742e-05 1.26264e-05
0.0013225 4.73714e-06 2.8839e-06
0.0013225 5.8537e-05 4.52499e-05
0.0013225 1.81366e-05 1.6672e-05
0.0013225 2.96858e-07 2.14002e-07
0.0013225 3.38306e-06 3.34624e-06
0.0013225 1.05969e-07 8.74525e-08
0.0013225 6.84568e-06 5.66919e-06
0.0013225 2.62786e-05 2.26563e-05
0.0013225 3.45458e-06 3.11423e-06
0.0013225 9.17743e-06 7.74833e-06
0.0013225 3.2974e-07 2.13528e-07
0.0013225 2.91603e-06 2.32871e-06
0.0013225 6.7174e-05 5.98623e-05
0.0013225 7.46099e-07 4.33605e-07
0.0013225 1.70718e-06 1.60699e-06
0.0013225 2.83532e-07 1.06563e-07
0.0013225 2.25202e-06 1.40718e-06
0.0013225 1.19499e-06 9.2933e-07
0.0013225 1.0967e-05 8.60982e-06
0.0013225 3.43888e-06 3.13463e-06
0.0013225 2.11422e-05 1.76282e-05
0.0013225 1.56614e-06 1.48701e-06
0.0013225 1.59984e-05 1.39233e-05
0.0013225 2.21542e-06 1.79874e-06
0.0013225 2.9223e-06 2.90671e-06
0.0013225 1.21139e-06 5.25224e-07
0.0013225 4.44633e-05 3.99959e-05
0.0013225 1.70507e-06 1.41518e-06
0.0013225 1.8252e-05 1.54376e-05
0.0013225 1.07651e-05 6.38103e-06
0.0013225 1.7738e-07 2.85455e-07
0.0013225 2.33387e-05 2.084e-05
0.0013225 5.82874e-07 2.12846e-07
0.0013225 6.90089e-06 4.59395e-06
0.0013225 9.49431e-06 7.90874e-06
0.0013225 2.57941e-05 2.15064e-05
0.0013225 4.004e-06 4.56794e-06
0.0013225 4.85891e-06 4.14078e-06
0.00152087 7.86966e-06 6.14021e-06
0.00152087 1.97315e-06 2.61209e-06
0.00152087 5.1105e-05 4.10046e-05
0.00152087 7.46033e-07 8.46378e-07
0.00152087 6.24038e-06 6.68757e-06
0.00152087 3.7712e-07 3.32491e-07
0.00152087 2.67184e-05 2.4521e-05
0.00152087 3.19471e-05 2.77067e-05
0.00152087 1.70368e-07 3.30094e-07
0.00152087 1.93063e-05 1.49127e-05
0.00152087 1.53983e-06 1.4898e-06
0.00152087 1.78213e-05 1.48415e-05
0.00152087 2.69854e-05 2.19446e-05
0.00152087 4.10997e-06 3.18527e-06
0.00152087 1.0382e-06 1.03502e-06
0.00152087 2.95377e-05 2.6567e-05
0.00152087 3.31093e-06 3.11447e-06
0.00152087 5.34003e-06 4.75101e-06
0.00152087 1.70069e-05 1.28853e-05
0.00152087 1.12918e-06 1.21009e-06
0.00152087 5.50787e-06 4.32136e-06
0.00152087 1.73144e-05 1.81833e-05
0.00152087 8.44741e-05 6.95483e-05
0.00152087 8.2641e-06 6.48949e-06
0.00152087 2.59294e-05 2.37502e-05
0.00152087 8.65278e-07 1.15113e-06
0.00152087 7.192e-05 6.44556e-05
0.00152087 5.71952e-07 5.25833e-07
0.00152087 2.47583e-06 1.86496e-06
0.00152087 8.9309e-07 1.34552e-07
0.00152087 4.52102e-06 3.78018e-06
0.00152087 2.09689e-05 1.76241e-05
0.00152087 3.30282e-05 2.95379e-05
0.00152087 7.56529e-07 6.25417e-07
0.00152087 4.88236e-05 4.29458e-05
0.00152087 1.4432e-05 1.30546e-05
0.00152087 2.36024e-06 2.19975e-06
0.00152087 9.67912e-06 8.84122e-06
0.00152087 6.70773e-05 5.94906e-05
0.00152087 9.25792e-07 8.99245e-07
0.00152087 3.12563e-05 2.86295e-05
0.00152087 1.26118e-06 2.24172e-06
0.00152087 1.44298e-05 1.22273e-05
0.00152087 7.17468e-06 5.0568e-06
0.00152087 3.89156e-06 3.58458e-06
0.00152087 1.16387e-06 7.39123e-07
0.00152087 2.79465e-07 4.39696e-07
0.00152087 1.11472e-05 1.0398e-05
0.00152087 3.42544e-05 2.92043e-05
0.00152087 4.02848e-06 2.45285e-06
0.00152087 2.08379e-05 1.67981e-05
0.00152087 1.62009e-06 1.56019e-06
0.00152087 1.37752e-05 1.16448e-05
0.00152087 2.1175e-05 2.00905e-05
0.00152087 2.19179e-05 1.49808e-05
0.00152087 3.62997e-07 5.41112e-07
0.00152087 3.50085e-05 3.07344e-05
0.00152087 2.59167e-05 2.71262e-05
0.00152087 3.87947e-05 3.68693e-05
0.00152087 1.44078e-06 3.06808e-07
0.00152087 2.02194e-06 1.71145e-06
0.00152087 2.88849e-06 2.69399e-06
0.00152087 3.18699e-05 2.84931e-05
0.00152087 1.24976e-06 5.25522e-07
0.00152087 1.12944e-05 8.17782e-06
0.00152087 1.7313e-05 1.64902e-05
0.00152087 3.40402e-06 1.74141e-06
0.00152087 2.79404e-07 2.47819e-07
0.00152087 9.33706e-06 6.95362e-06
0.00152087 1.96798e-05 1.68214e-05
0.00152087 3.85715e-06 3.95658e-06
0.00152087 4.71163e-06 5.07138e-06
0.00152087 4.82238e-05 4.17372e-05
0.00152087 5.58702e-06 3.2164e-06
0.00152087 6.69596e-06 5.15041e-06
0.00152087 2.46098e-05 1.96147e-05
0.00152087 6.83064e-07 3.92154e-07
0.00152087 1.15064e-05 7.90133e-06
0.00152087 6.96181e-05 5.6915e-05
0.00152087 2.47811e-05 2.21405e-05
0.00152087 6.32716e-05 5.36315e-05
0.00152087 2.36963e-05 2.26697e-05
0.00152087 2.68816e-06 2.54083e-06
0.00152087 2.88359e-06 2.56215e-06
0.00152087 3.03039e-07 2.06715e-07
0.00152087 0.000106813 8.67118e-05
0.00152087 2.55123e-05 1.81876e-05
0.00152087 8.00078e-06 6.93762e-06
0.00152087 9.30196e-05 7.6511e-05
0.00152087 1.01534e-06 7.37224e-07
0.00152087 5.30567e-05 4.60174e-05
0.00152087 7.9045e-05 6.0671e-05
0.00152087 0.0001089 9.2437e-05
0.00152087 7.52358e-07 5.48049e-07
0.00152087 1.15484e-06 1.25001e-06
0.00152087 1.0022e-06 8.85786e-07
0.00152087 9.50814e-06 6.27147e-06
0.00152087 2.0917e-06 1.67164e-06
0.00152087 6.76534e-05 5.63785e-05
0.00152087 9.70192e-06 8.00602e-06
0.00174901 3.80398e-07 2.64187e-07
0.00174901 1.4468e-05 1.11515e-05
0.00174901 1.35188e-06 1.47484e-06
0.00174901 4.64112e-06 3.33662e-06
0.00174901 4.84108e-07 1.38668e-07
0.00174901 5.8043e-06 5.75686e-06
0.00174901 1.9027e-05 1.72591e-05
0.00174901 1.0903e-05 1.04971e-05
0.00174901 9.2835e-07 5.89027e-07
0.00174901 1.10812e-05 1.02319e-05
0.00174901 2.55203e-05 2.11065e-05
0.00174901 1.52336e-05 1.23661e-05
0.00174901 2.28861e-07 1.44085e-07
0.00174901 5.29794e-06 4.97196e-06
0.00174901 0.000112934 9.91786e-05
0.00174901 1.09081e-05 7.00812e-06
0.00174901 8.3647e-06 5.1677e-06
0.00174901 3.80957e-06 3.84324e-06
0.00174901 2.71799e-06 4.17178e-06
0.00174901 1.32539e-05 1.40642e-05
0.00174901 7.6543e-05 7.10122e-05
0.00174901 7.82749e-05 6.35837e-05
0.00174901 1.73162e-05 1.25696e-05
0.00174901 0.000101909 8.51023e-05
0.00174901 1.89167e-05 1.60275e-05
0.00174901 1.77411e-05 1.60389e-05
0.00174901 4.53918e-07 2.7986e-07
0.00174901 3.42042e-05 2.92949e-05
0.00174901 2.31954e-05 1.88109e-05
0.00174901 3.59905e-05 3.32143e-05
0.00174901 3.74081e-05 2.92436e-05
0.00174901 4.86944e-06 4.24815e-06
0.00174901 5.84156e-06 5.43588e-06
0.00174901 2.32037e-05 2.11359e-05
0.00174901 4.85329e-06 4.52712e-06
0.00174901 5.90274e-06 6.42408e-06
0.00174901 1.02715e-06 5.64057e-07
0.00174901 1.46741e-06 8.87416e-07
0.00174901 1.45528e-06 1.76841e-06
0.00174901 2.91065e-05 2.52586e-05
0.00174901 6.36608e-06 6.53715e-06
0.00174901 5.04318e-05 4.7026e-05
0.00174901 5.41514e-05 4.9267e-05
0.00174901 9.87985e-06 8.31974e-06
0.00174901 6.26156e-05 5.28111e-05
0.00174901 1.18229e-05 1.14809e-05
0.00174901 1.19499e-05 9.29232e-06
0.00174901 2.35127e-05 1.76271e-05
0.00174901 5.88854e-05 4.96238e-05
0.00174901 5.36364e-05 4.82794e-05
0.00174901 5.82009e-07 7.38127e-07
0.00174901 2.37295e-06 3.15845e-06
0.00174901 2.2628e-06 2.24204e-06
0.00174901 9.80915e-05 7.73987e-05
0.00174901 3.46001e-06 4.00705e-06
0.00174901 5.86674e-05 5.42706e-05
0.00174901 5.03668e-07 5.09165e-07
0.00174901 6.09517e-07 2.39989e-07
0.00174901 3.20561e-06 2.51341e-06
0.00174901 1.00284e-06 7.38832e-07
0.00174901 8.92529e-07 6.37354e-07
0.00174901 3.25573e-06 1.09609e-06
0.00174901 3.70712e-07 2.48821e-07
0.00174901 5.26726e-05 4.15493e-05
0.00174901 2.70893e-06 2.78478e-06
0.00174901 2.96191e-06 1.40927e-06
0.00174901 1.34873e-05 9.9923e-06
0.00174901 1.10668e-06 4.99467e-07
0.00174901 7.67532e-06 6.74844e-06
0.00174901 3.35492e-05 2.84131e-05
0.00174901 2.87678e-06 1.21595e-06
0.00174901 1.19658e-05 1.06289e-05
0.00174901 0.000136788 0.000112863
0.00174901 1.26652e-05 1.32388e-05
0.00174901 3.63889e-05 3.41629e-05
0.00174901 4.59128e-05 4.10899e-05
0.00174901 3.72432e-06 4.07808e-06
0.00174901 1.16286e-06 4.50014e-07
0.00174901 2.46802e-06 2.28219e-06
0.00174901 0.000113653 0.000100753
0.00174901 3.1917e-05 2.72843e-05
0.00174901 1.65642e-06 1.36171e-06
0.00174901 3.7198e-05 3.38559e-05
0.00174901 9.67277e-05 8.28347e-05
0.00174901 1.16892e-06 1.62329e-06
0.00174901 2.07873e-07 2.39838e-07
0.00174901 5.77422e-07 7.30477e-07
0.00174901 5.81585e-05 5.12272e-05
0.00174901 2.00948e-05 1.45063e-05
0.00174901 3.20201e-05 3.05445e-05
0.00174901 5.24426e-05 4.47594e-05
0.00174901 3.38454e-05 2.77577e-05
0.00174901 1.12496e-05 9.39816e-06
0.00174901 4.18056e-06 3.98548e-06
0.00174901 5.7086e-05 4.79172e-05
0.00174901 2.72764e-05 2.43593e-05
0.00174901 1.01081e-05 1.0646e-05
0.00174901 1.0457e-05 7.46242e-06
0.00174901 2.6614e-06 2.10233e-06
0.00174901 0.00014981 0.000127885
0.00201136 8.54269e-05 7.50271e-05
0.00201136 3.59385e-06 4.32928e-06
0.00201136 1.5709e-06 2.21336e-06
0.00201136 2.22916e-05 1.7142e-05
0.00201136 9.16656e-07 4.61737e-07
0.00201136 1.34366e-06 1.23773e-06
0.00201136 2.87807e-06 1.91588e-06
0.00201136 4.34942e-05 4.12498e-05
0.00201136 8.71622e-05 7.57472e-05
0.00201136 7.13719e-07 3.22619e-07
0.00201136 1.76867e-05 1.60879e-05
0.00201136 1.3173e-05 1.23161e-05
0.00201136 1.99979e-05 1.82686e-05
0.00201136 5.60204e-07 5.02596e-07
0.00201136 9.1446e-07 8.96572e-07
0.00201136 1.43029e-06 1.45752e-06
0.00201136 9.71679e-06 1.04352e-05
0.00201136 1.42944e-05 1.47356e-05
0.00201136 1.20613e-05 9.3589e-06
0.00201136 1.61444e-05 1.24399e-05
0.00201136 2.44216e-05 1.47406e-05
0.00201136 1.05089e-06 1.90128e-06
0.00201136 1.75332e-06 1.29592e-06
0.00201136 4.10456e-05 2.97716e-05
0.00201136 9.18833e-07 1.19082e-06
0.00201136 5.20738e-05 4.61305e-05
0.00201136 0.000110523 9.5286e-05
0.00201136 2.07014e-05 2.14103e-05
0.00201136 7.70726e-05 6.5648e-05
0.00201136 2.52219e-05 1.86282e-05
0.00201136 6.98558e-05 5.49556e-05
0.00201136 4.97323e-05 4.96086e-05
0.00201136 1.84527e-05 1.41147e-05
0.00201136 2.82638e-06 2.4899e-06
0.00201136 9.31599e-07 1.34742e-06
0.00201136 5.16736e-07 5.75842e-07
0.00201136 5.82984e-05 4.69081e-05
0.00201136 5.4186e-07 4.38135e-07
0.00201136 3.37969e-06 4.4952e-06
0.00201136 2.35945e-07 2.68053e-07
0.00201136 5.13778e-05 4.44205e-05
0.00201136 7.53729e-06 5.73376e-06
0.00201136 0.000105111 8.71355e-05
0.00201136 6.63193e-06 6.43501e-06
0.00201136 0.000285625 0.000243303
0.00201136 3.13545e-05 2.84852e-05
0.00201136 2.78105e-06 2.42563e-06
0.00201136 5.38955e-06 3.49427e-06
0.00201136 1.65196e-05 1.37274e-05
0.00201136 1.30578e-05 1.23342e-05
0.00201136 4.98457e-06 5.98996e-06
0.00201136 5.9219e-05 4.72863e-05
0.00201136 1.69906e-05 1.58212e-05
0.00201136 3.2774e-06 3.08642e-06
0.00201136 1.42152e-05 1.29192e-05
0.00201136 6.35985e-06 6.22198e-06
0.00201136 8.02644e-07 8.73067e-07
0.00201136 1.11375e-06 1.02817e-06
0.00201136 6.58025e-05 5.77599e-05
0.00201136 2.60848e-06 2.04243e-06
0.00201136 3.3806e-06 1.73319e-06
0.00201136 5.94163e-07 3.45418e-07
0.00201136 7.84108e-05 6.50902e-05
0.00201136 1.10872e-05 7.10562e-06
0.00201136 8.41118e-05 7.00234e-05
0.00201136 8.27394e-07 3.64478e-07
0.00201136 8.76083e-05 8.14266e-05
0.00201136 3.00162e-05 2.48535e-05
0.00201136 1.54506e-05 1.72315e-05
0.00201136 5.90091e-05 4.37255e-05
0.00201136 1.72449e-05 1.07737e-05
0.00201136 2.26094e-06 2.00467e-06
0.00201136 2.18274e-05 1.79588e-05
0.00201136 1.89699e-06 1.70723e-06
0.00201136 9.16507e-05 6.94809e-05
0.00201136 2.55969e-06 2.47331e-06
0.00201136 1.05759e-06 1.41034e-06
0.00201136 9.40628e-06 8.12403e-06
0.00201136 5.53168e-05 4.98607e-05
0.00201136 4.62416e-05 3.94028e-05
0.00201136 5.60718e-06 5.71792e-06
0.00201136 3.79156e-06 3.21153e-06
0.00201136 3.5038e-06 2.84602e-06
0.00201136 1.01361e-06 9.26001e-07
0.00201136 2.43704e-06 2.19133e-06
0.00201136 5.81897e-05 4.49526e-05
0.00201136 9.85218e-07 5.59791e-07
0.00201136 5.19692e-05 4.66104e-05
0.00201136 4.95522e-05 4.48541e-05
0.00201136 2.84146e-07 2.6501e-07
0.00201136 4.72255e-06 4.43768e-06
0.00201136 2.21261e-06 1.77903e-06
0.00201136 3.0853e-06 1.65342e-06
0.00201136 5.17827e-05 4.04546e-05
0.00201136 9.35828e-06 8.82249e-06
0.00201136 9.87824e-06 6.71713e-06
0.00201136 8.94084e-05 7.73456e-05
0.00201136 5.9587e-05 5.16448e-05
0.00201136 0.000107461 9.18574e-05
0.00201136 8.17885e-06 6.69348e-06
0.00231306 1.01897e-05 8.26522e-06
0.00231306 2.16683e-05 2.32134e-05
0.00231306 1.97106e-05 1.78417e-05
0.00231306 0.000101164 8.41176e-05
0.00231306 2.51001e-06 1.35571e-06
0.00231306 0.00011867 9.12831e-05
0.00231306 7.54234e-07 8.58163e-07
0.00231306 9.43175e-06 9.61699e-06
0.00231306 6.2403e-05 4.87931e-05
0.00231306 8.7432e-06 8.38629e-06
0.00231306 1.28988e-05 1.23456e-05
0.00231306 5.22636e-06 4.72449e-06
0.00231306 1.5534e-05 1.2111e-05
0.00231306 1.05155e-05 1.1924e-05
0.00231306 7.9041e-07 3.39476e-07
0.00231306 2.38561e-05 1.92489e-05
0.00231306 1.10197e-06 2.84077e-07
0.00231306 1.41857e-05 1.20304e-05
0.00231306 4.11065e-05 3.36466e-05
0.00231306 8.88977e-05 7.91549e-05
0.00231306 2.54757e-05 2.117e-05
0.00231306 1.37584e-05 1.58616e-05
0.00231306 2.26972e-06 2.99351e-06
0.00231306 1.14683e-06 8.77076e-07
0.00231306 6.48018e-06 5.63143e-06
0.00231306 5.40633e-05 4.84633e-05
0.00231306 3.51184e-06 3.33274e-06
0.00231306 1.02952e-06 7.45973e-07
0.00231306 1.91608e-05 1.69666e-05
0.00231306 5.90137e-05 5.57378e-05
0.00231306 2.9023e-05 2.53231e-05
0.00231306 0.000108017 8.40984e-05
0.00231306 5.00371e-05 3.33918e-05
0.00231306 8.61868e-05 7.29041e-05
0.00231306 3.66419e-06 2.78429e-06
0.00231306 4.61479e-06 4.53663e-06
0.00231306 2.9185e-05 2.75821e-05
0.00231306 1.78306e-06 1.83762e-06
0.00231306 5.43589e-06 4.77624e-06
0.00231306 1.21983e-05 1.04702e-05
0.00231306 6.47287e-05 5.80498e-05
0.00231306 1.17124e-05 9.30958e-06
0.00231306 8.90244e-07 4.10388e-07
0.00231306 0.000170617 0.000129963
0.00231306 1.83932e-05 1.23376e-05
0.00231306 4.94564e-06 4.42946e-06
0.00231306 2.9172e-05 2.16146e-05
0.00231306 2.90924e-06 2.03633e-06
0.00231306 6.36543e-05 5.55192e-05
0.00231306 3.54488e-07 5.79787e-07
0.00231306 4.36178e-06 3.79271e-06
0.00231306 1.74157e-05 1.64804e-05
0.00231306 6.32525e-06 5.47903e-06
0.00231306 1.18176e-06 1.65224e-06
0.00231306 5.35715e-06 2.89677e-06
0.00231306 4.5159e-05 3.37539e-05
0.00231306 4.23323e-06 4.56955e-06
0.00231306 8.44785e-06 8.23062e-06
0.00231306 6.66787e-05 5.51261e-05
0.00231306 5.79197e-06 3.63082e-06
0.00231306 4.83877e-07 5.28439e-07
0.00231306 1.42118e-05 1.27462e-05
0.00231306 4.94157e-05 4.61706e-05
0.00231306 0.000110757 9.30694e-05
0.00231306 0.00016812 0.000139417
0.00231306 1.19681e-06 1.44528e-06
0.00231306 4.48726e-06 5.04049e-06
0.00231306 1.37915e-06 9.9052e-07
0.00231306 0.000132252 0.000110056
0.00231306 2.90425e-05 2.39964e-05
0.00231306 0.000107206 9.88677e-05
0.00231306 1.29604e-06 1.06513e-06
0.00231306 1.15201e-05 1.00383e-05
0.00231306 1.72528e-05 1.45939e-05
0.00231306 4.21527e-06 5.70488e-06
0.00231306 4.35675e-07 4.03304e-07
0.00231306 1.53164e-06 8.9776e-07
0.00231306 6.99757e-07 3.95264e-07
0.00231306 0.000142415 0.000123973
0.00231306 2.6321e-05 2.38676e-05
0.00231306 6.81533e-06 4.88272e-06
0.00231306 9.76898e-05 8.27561e-05
0.00231306 2.01055e-05 1.57606e-05
0.00231306 1.01372e-05 8.74135e-06
0.00231306 2.56773e-05 2.2528e-05
0.00231306 7.53674e-06 5.75291e-06
0.00231306 3.17003e-05 2.95498e-05
0.00231306 2.43498e-05 1.7055e-05
0.00231306 0.000111495 9.90913e-05
0.00231306 7.35546e-05 5.61763e-05
0.00231306 2.38919e-06 2.30899e-06
0.00231306 1.28871e-06 1.4211e-06
0.00231306 5.84107e-07 7.20769e-07
0.00231306 3.55914e-06 3.44669e-06
0.00231306 3.46789e-06 1.884e-06
0.00231306 5.44285e-05 4.27247e-05
0.00231306 6.55549e-05 5.84083e-05
0.00231306 0.000109722 9.44278e-05
0.00231306 2.56333e-05 2.42089e-05
0.00231306 1.86386e-05 1.78598e-05
0.00266002 9.02379e-05 7.04401e-05
0.00266002 5.09752e-05 4.70023e-05
0.00266002 6.19468e-07 6.06011e-07
0.00266002 1.43443e-05 1.14511e-05
0.00266002 3.87119e-06 2.80634e-06
0.00266002 8.11439e-05 6.36209e-05
0.00266002 2.86021e-05 2.0272e-05
0.00266002 8.82493e-06 1.03583e-05
0.00266002 4.37045e-06 3.97113e-06
0.00266002 3.01701e-05 3.2823e-05
0.00266002 0.000110626 9.92534e-05
0.00266002 7.55358e-07 5.85942e-07
0.00266002 0.000225909 0.000180055
0.00266002 0.000171703 0.000156355
0.00266002 0.000241435 0.000219173
0.00266002 3.69719e-06 2.50647e-06
0.00266002 7.45373e-05 5.78801e-05
0.00266002 1.84152e-06 1.44094e-06
0.00266002 1.48088e-05 1.05596e-05
0.00266002 3.42628e-05 2.42983e-05
0.00266002 3.78156e-05 2.95963e-05
0.00266002 7.9337e-06 5.26018e-06
0.00266002 6.81366e-07 7.50299e-07
0.00266002 7.0262e-05 6.54944e-05
0.00266002 3.30903e-05 3.08418e-05
0.00266002 0.000135628 0.000113381
0.00266002 4.14554e-05 4.23248e-05
0.00266002 3.29441e-05 2.59844e-05
0.00266002 1.79769e-06 1.90654e-06
0.00266002 4.42288e-05 3.8483e-05
0.00266002 0.000129822 9.77255e-05
0.00266002 7.46494e-06 5.88619e-06
0.00266002 1.16986e-05 1.14886e-05
0.00266002 4.52733e-05 3.66303e-05
0.00266002 0.000122181 0.000109094
0.00266002 9.35672e-07 6.47755e-07
0.00266002 0.000122973 9.18755e-05
0.00266002 6.54794e-06 6.52195e-06
0.00266002 0.000113393 9.00532e-05
0.00266002 9.27806e-07 7.98092e-07
0.00266002 4.24506e-05 3.62216e-05
0.00266002 3.50156e-06 2.43248e-06
0.00266002 4.81932e-05 3.34953e-05
0.00266002 0.000161165 0.000149156
0.00266002 8.97299e-06 6.72905e-06
0.00266002 2.47932e-05 2.0161e-05
0.00266002 2.07245e-06 1.34123e-06
0.00266002 4.75571e-05 3.81632e-05
0.00266002 2.32957e-06 2.78463e-06
0.00266002 2.49487e-06 2.90038e-06
0.00266002 1.98606e-05 1.30259e-05
0.00266002 4.86007e-05 4.69661e-05
0.00266002 4.68297e-06 3.66032e-06
0.00266002 1.60069e-06 9.76767e-07
0.00266002 7.16143e-05 6.44926e-05
0.00266002 1.26623e-05 8.71568e-06
0.00266002 1.71146e-05 1.38272e-05
0.00266002 0.000102683 9.36104e-05
0.00266002 4.2169e-06 4.89304e-06
0.00266002 0.000111619 9.57009e-05
0.00266002 3.81584e-06 3.0911e-06
0.00266002 0.000132533 0.000116091
0.00266002 4.73913e-06 3.13917e-06
0.00266002 1.97534e-06 3.34345e-06
0.00266002 4.70717e-05 3.72575e-05
0.00266002 0.000302865 0.000270192
0.00266002 2.95223e-05 2.40378e-05
0.00266002 4.76257e-05 4.91923e-05
0.00266002 7.10511e-05 6.94719e-05
0.00266002 0.000198382 0.000169982
0.00266002 4.6894e-06 4.19417e-06
0.00266002 1.64695e-06 9.17851e-07
0.00266002 3.23596e-06 2.20476e-06
0.00266002 9.97359e-05 7.84259e-05
0.00266002 4.61808e-05 4.21552e-05
0.00266002 5.24455e-07 4.76335e-07
0.00266002 9.88481e-06 7.99418e-06
0.00266002 6.17069e-06 6.74999e-06
0.00266002 5.70129e-05 4.52435e-05
0.00266002 9.83074e-06 8.66816e-06
0.00266002 7.78532e-05 6.27433e-05
0.00266002 9.59473e-06 1.12913e-05
0.00266002 1.35452e-06 1.18064e-06
0.00266002 5.19486e-05 4.20353e-05
0.00266002 0.000431327 0.000362124
0.00266002 0.000216567 0.000193059
0.00266002 4.74587e-05 4.68198e-05
0.00266002 0.000250896 0.000213181
0.00266002 4.58318e-06 3.61697e-06
0.00266002 1.05415e-06 9.45585e-07
0.00266002 1.48117e-05 1.50011e-05
0.00266002 3.56805e-05 2.57806e-05
0.00266002 1.03082e-05 1.02285e-05
0.00266002 0.00040633 0.000351225
0.00266002 8.7516e-07 8.2418e-07
0.00266002 1.65636e-05 1.64045e-05
0.00266002 2.00069e-06 1.58301e-06
0.00266002 3.48613e-05 2.6013e-05
0.00266002 4.92161e-07 3.94712e-07
0.00266002 9.85492e-05 9.37229e-05
0.00305902 0.000105301 8.90838e-05
0.00305902 0.000218414 0.000194877
0.00305902 7.39197e-06 6.67824e-06
0.00305902 1.65989e-05 1.46074e-05
0.00305902 9.40986e-05 8.48185e-05
0.00305902 0.000261604 0.000227599
0.00305902 0.000233288 0.000210944
0.00305902 9.42305e-07 5.03737e-07
0.00305902 0.00023625 0.000237846
0.00305902 0.000272326 0.000220933
0.00305902 0.000223256 0.000177307
0.00305902 7.29385e-07 3.80094e-07
0.00305902 5.76988e-07 5.77795e-07
0.00305902 1.19216e-06 1.13039e-06
0.00305902 1.0378e-06 7.32464e-07
0.00305902 7.58989e-07 5.85679e-07
0.00305902 8.07688e-05 7.56219e-05
0.00305902 3.31298e-05 2.77344e-05
0.00305902 1.4204e-06 1.05798e-06
0.00305902 0.000132366 0.000120195
0.00305902 6.12218e-06 3.33875e-06
0.00305902 2.42259e-05 1.94751e-05
0.00305902 5.91122e-05 5.0335e-05
0.00305902 8.72558e-05 7.11142e-05
0.00305902 2.2595e-05 1.59818e-05
0.00305902 1.87179e-05 1.86406e-05
0.00305902 2.99807e-05 3.16287e-05
0.00305902 3.46013e-05 3.73593e-05
0.00305902 0.000140908 0.00012208
0.00305902 5.6571e-05 5.00805e-05
0.00305902 5.32816e-05 4.56222e-05
0.00305902 6.22586e-05 5.86465e-05
0.00305902 2.52009e-05 1.85955e-05
0.00305902 0.000173137 0.000160955
0.00305902 0.000317966 0.000259943
0.00305902 3.52726e-05 2.90452e-05
0.00305902 7.61569e-05 5.87232e-05
0.00305902 2.82827e-05 2.78594e-05
0.00305902 2.82492e-05 2.6975e-05
0.00305902 6.27636e-05 6.27679e-05
0.00305902 9.21075e-06 8.1831e-06
0.00305902 1.13267e-05 6.48314e-06
0.00305902 0.000114917 0.00010818
0.00305902 1.05132e-06 1.21273e-06
0.00305902 1.57647e-05 1.1749e-05
0.00305902 8.2298e-05 7.4485e-05
0.00305902 0.000105676 8.97514e-05
0.00305902 3.61835e-05 2.21281e-05
0.00305902 1.23166e-05 1.18815e-05
0.00305902 5.44581e-05 3.92618e-05
0.00305902 0.000147276 0.00010634
0.00305902 0.000208332 0.000182957
0.00305902 0.000110111 0.000102483
0.00305902 2.34511e-05 2.52738e-05
0.00305902 0.000214286 0.00018075
0.00305902 3.11737e-05 1.927e-05
0.00305902 1.02222e-05 7.97393e-06
0.00305902 1.01401e-05 9.16629e-06
0.00305902 5.55859e-06 3.57267e-06
0.00305902 1.66461e-05 1.33066e-05
0.00305902 4.16801e-06 3.40942e-06
0.00305902 5.33328e-06 4.2697e-06
0.00305902 3.77898e-05 4.03848e-05
0.00305902 2.28368e-05 2.04608e-05
0.00305902 6.08832e-05 5.90308e-05
0.00305902 1.21093e-05 1.05935e-05
0.00305902 2.63327e-05 1.9877e-05
0.00305902 1.31435e-05 9.86076e-06
0.00305902 0.000261402 0.000212522
0.00305902 2.58763e-06 4.45003e-06
0.00305902 0.000194614 0.000178349
0.00305902 2.34913e-06 3.55539e-06
0.00305902 4.55166e-05 3.30531e-05
0.00305902 6.87e-05 5.97849e-05
0.00305902 0.000353534 0.000303263
0.00305902 1.68601e-05 1.40869e-05
0.00305902 4.2874e-05 3.29718e-05
0.00305902 0.000246783 0.000228614
0.00305902 3.46306e-06 3.51742e-06
0.00305902 4.46534e-06 2.39894e-06
0.00305902 7.4271e-06 3.08869e-06
0.00305902 0.000105685 9.87815e-05
0.00305902 2.59086e-06 3.57205e-06
0.00305902 2.92194e-05 2.38655e-05
0.00305902 0.000103717 9.77898e-05
0.00305902 2.91398e-06 8.7576e-07
0.00305902 0.000379764 0.000334916
0.00305902 1.78776e-05 1.83936e-05
0.00305902 8.90593e-05 7.86419e-05
0.00305902 4.64208e-05 3.38201e-05
0.00305902 1.14116e-06 1.51003e-06
0.00305902 5.68186e-05 5.41691e-05
0.00305902 2.32614e-05 2.43477e-05
0.00305902 9.19186e-05 7.93883e-05
0.00305902 9.20544e-06 8.27299e-06
0.00305902 0.000110313 9.00589e-05
0.00305902 0.000114143 9.39879e-05
0.00305902 5.27519e-06 6.05395e-06
0.00305902 1.22923e-05 1.43608e-05
0.00305902 6.45691e-05 5.90086e-05
0.00351788 1.13033e-05 1.1513e-05
0.00351788 4.95256e-05 3.97039e-05
0.00351788 0.000114665 8.63407e-05
0.00351788 3.77371e-05 3.62255e-05
0.00351788 1.6214e-06 1.01932e-06
0.00351788 4.90819e-06 5.1156e-06
0.00351788 2.8817e-05 2.70872e-05
0.00351788 9.06759e-05 7.35082e-05
0.00351788 3.09516e-05 3.20276e-05
0.00351788 9.32705e-05 7.66385e-05
0.00351788 2.10752e-05 1.32507e-05
0.00351788 3.00519e-05 2.4404e-05
0.00351788 0.000421889 0.000357323
0.00351788 0.000196725 0.000159945
0.00351788 9.1316e-05 9.55792e-05
0.00351788 0.00014702 0.000137831
0.00351788 1.91593e-06 3.51299e-06
0.00351788 3.8423e-06 2.29567e-06
0.00351788 6.12812e-05 5.14868e-05
0.00351788 0.000110262 0.000103804
0.00351788 0.00034835 0.000324318
0.00351788 0.000204001 0.000188342
0.00351788 5.12646e-05 5.79835e-05
0.00351788 2.91742e-05 1.36752e-05
0.00351788 1.37237e-05 9.94967e-06
0.00351788 0.000181636 0.000133981
0.00351788 0.000154687 0.000146244
0.00351788 1.60045e-05 1.02406e-05
0.00351788 0.000101883 0.000102431
0.00351788 0.000178488 0.000139971
0.00351788 0.000210109 0.000182188
0.00351788 0.000613583 0.000523135
0.00351788 3.88846e-06 3.43455e-06
0.00351788 3.42227e-05 2.48198e-05
0.00351788 0.000170437 0.000134548
0.00351788 4.84588e-06 2.71452e-06
0.00351788 5.55855e-06 2.11533e-06
0.00351788 4.24631e-06 5.93377e-06
0.00351788 2.06581e-05 2.00439e-05
0.00351788 4.15555e-05 3.48778e-05
0.00351788 1.79324e-05 1.28302e-05
0.00351788 9.15112e-05 8.03383e-05
0.00351788 4.36623e-05 2.8518e-05
0.00351788 0.000314828 0.000256251
0.00351788 0.000217639 0.000193368
0.00351788 0.000101605 8.32646e-05
0.00351788 2.04336e-06 1.6557e-06
0.00351788 4.11624e-05 3.25291e-05
0.00351788 7.53185e-06 8.6785e-06
0.00351788 0.00012762 0.000108185
0.00351788 1.75274e-05 1.32762e-05
0.00351788 5.56692e-05 4.69547e-05
0.00351788 8.94513e-05 6.30491e-05
0.00351788 1.18968e-05 8.67802e-06
0.00351788 7.69435e-05 6.28446e-05
0.00351788 2.26714e-05 2.69402e-05
0.00351788 3.99293e-05 3.42359e-05
0.00351788 0.00012544 0.000109516
0.00351788 0.000160653 0.000140019
0.00351788 7.92144e-05 6.92945e-05
0.00351788 3.54083e-05 2.5323e-05
0.00351788 1.65461e-05 1.53281e-05
0.00351788 5.07707e-05 4.1182e-05
0.00351788 0.000192483 0.000166778
0.00351788 1.11507e-05 7.74969e-06
0.00351788 6.44667e-05 5.045e-05
0.00351788 2.95964e-05 2.38891e-05
0.00351788 2.01881e-06 8.53588e-07
0.00351788 5.1209e-05 5.66963e-05
0.00351788 4.71196e-05 5.00706e-05
0.00351788 1.37933e-05 1.47389e-05
0.00351788 1.38728e-06 5.76439e-07
0.00351788 1.84697e-05 1.7241e-05
0.00351788 7.80036e-05 6.3388e-05
0.00351788 1.80833e-05 1.17298e-05
0.00351788 4.90651e-06 3.80698e-06
0.00351788 1.42486e-05 1.42268e-05
0.00351788 6.80668e-05 5.84455e-05
0.00351788 1.43389e-05 1.35905e-05
0.00351788 0.000109337 8.33346e-05
0.00351788 7.73144e-06 6.04799e-06
0.00351788 3.27416e-05 2.39006e-05
0.00351788 2.74374e-06 4.41724e-06
0.00351788 0.000249509 0.00023051
0.00351788 9.05294e-05 9.229e-05
0.00351788 1.65446e-05 1.40924e-05
0.00351788 2.68568e-05 1.92027e-05
0.00351788 0.00026902 0.000212272
0.00351788 1.09854e-05 8.73388e-06
0.00351788 4.05509e-05 3.46426e-05
0.00351788 7.56057e-06 3.42407e-06
0.00351788 0.000291722 0.000240087
0.00351788 6.15479e-05 5.16248e-05
0.00351788 5.69152e-06 4.01641e-06
0.00351788 5.69342e-06 5.77333e-06
0.00351788 5.14939e-05 3.37615e-05
0.00351788 0.000214793 0.000183873
0.00351788 2.531e-05 2.58206e-05
0.00351788 0.000154362 0.000131016
0.00351788 1.49669e-05 1.51383e-05
0.00404556 0.000118477 0.000106162
0.00404556 0.000126927 0.000106158
0.00404556 0.000185197 0.000177749
0.00404556 0.00032262 0.000257223
0.00404556 0.000393644 0.000339888
0.00404556 2.32953e-05 1.90514e-05
0.00404556 1.19135e-06 1.40868e-06
0.00404556 0.00030048 0.000251878
0.00404556 1.65273e-06 1.36568e-06
0.00404556 1.07861e-05 9.9996e-06
0.00404556 8.1834e-05 7.10757e-05
0.00404556 0.000142177 0.00011691
0.00404556 0.00014894 0.000120156
0.00404556 0.00020476 0.000168591
0.00404556 0.000376838 0.000324424
0.00404556 3.98552e-05 3.75727e-05
0.00404556 1.52624e-05 1.03308e-05
0.00404556 0.000339739 0.000269415
0.00404556 7.50396e-05 6.85476e-05
0.00404556 0.000359068 0.000326635
0.00404556 7.65405e-06 3.09125e-06
0.00404556 5.69629e-06 7.47506e-06
0.00404556 6.47606e-05 5.46353e-05
0.00404556 3.90531e-05 3.57679e-05
0.00404556 9.95826e-05 7.95564e-05
0.00404556 0.000479487 0.000393686
0.00404556 0.000201141 0.000183909
0.00404556 4.08191e-06 2.47121e-06
0.00404556 1.33896e-05 1.29012e-05
0.00404556 0.000509313 0.000443394
0.00404556 0.0001894 0.000170889
0.00404556 0.000300112 0.000275411
0.00404556 0.000177673 0.000155277
0.00404556 0.000313004 0.000264947
0.00404556 0.000400115 0.000349932
0.00404556 5.89509e-06 1.85972e-06
0.00404556 0.000789793 0.000695861
0.00404556 3.75747e-05 3.37265e-05
0.00404556 2.36265e-06 2.40484e-06
0.00404556 7.51002e-05 5.54492e-05
0.00404556 0.000616506 0.000540745
0.00404556 3.19219e-05 2.07797e-05
0.00404556 0.000464578 0.000368473
0.00404556 3.48548e-05 4.02156e-05
0.00404556 5.24743e-06 4.44566e-06
0.00404556 0.000158493 0.000131576
0.00404556 4.68148e-06 5.25379e-06
0.00404556 0.000142095 0.000143604
0.00404556 2.98024e-05 2.8268e-05
0.00404556 0.00077614 0.000709344
0.00404556 0.000281564 0.000219589
0.00404556 0.000111341 0.000112383
0.00404556 3.72231e-06 3.91141e-06
0.00404556 9.19489e-06 8.92146e-06
0.00404556 7.13752e-05 5.16352e-05
0.00404556 0.000177838 0.000156384
0.00404556 0.000740589 0.000649618
0.00404556 5.75713e-06 4.70296e-06
0.00404556 0.000150105 0.000111253
0.00404556 0.000223104 0.000209497
0.00404556 1.89583e-05 2.18993e-05
0.00404556 0.000132583 0.000104589
0.00404556 6.88056e-05 5.26831e-05
0.00404556 0.000131103 9.85198e-05
0.00404556 7.78881e-05 8.23015e-05
0.00404556 0.000195841 0.000170763
0.00404556 0.000195806 0.000175531
0.00404556 0.000363273 0.000320654
0.00404556 1.99355e-05 1.9796e-05
0.00404556 1.97136e-05 1.51607e-05
0.00404556 8.49149e-05 7.11549e-05
0.00404556 3.86507e-05 3.17842e-05
0.00404556 3.77076e-05 3.47859e-05
0.00404556 3.58283e-05 3.30539e-05
0.00404556 0.000319643 0.000258573
0.00404556 0.000225627 0.000184408
0.00404556 1.93816e-06 2.01649e-06
0.00404556 0.000283279 0.000226239
0.00404556 2.37325e-06 2.09178e-06
0.00404556 2.80752e-06 2.30862e-06
0.00404556 5.11594e-06 4.13618e-06
0.00404556 3.27908e-05 3.66378e-05
0.00404556 6.91309e-05 6.46241e-05
0.00404556 0.000397755 0.000341132
0.00404556 3.39522e-06 6.38073e-06
0.00404556 0.000514827 0.000465037
0.00404556 2.39298e-05 2.52849e-05
0.00404556 2.62662e-06 3.01336e-06
0.00404556 0.000152571 0.000126262
0.00404556 7.17089e-05 6.39067e-05
0.00404556 0.000471731 0.000400349
0.00404556 1.69166e-05 1.33301e-05
0.00404556 1.28448e-05 1.28624e-05
0.00404556 6.26902e-06 6.56086e-06
0.00404556 5.7782e-06 3.14312e-06
0.00404556 1.2636e-05 1.10442e-05
0.00404556 0.000137193 0.000105928
0.00404556 0.000139789 0.000120271
0.00404556 0.000215338 0.000181429
0.00404556 1.57867e-06 7.22636e-07
0.00465239 2.53432e-05 2.09914e-05
0.00465239 0.000160402 0.000122298
0.00465239 2.635e-05 1.33708e-05
0.00465239 0.000123695 8.9893e-05
0.00465239 0.000439565 0.000329515
0.00465239 4.22333e-06 4.31077e-06
0.00465239 0.000478644 0.000412987
0.00465239 8.47601e-05 6.50485e-05
0.00465239 2.9124e-05 2.76964e-05
0.00465239 0.000139165 0.000133143
0.00465239 0.000170881 0.000154127
0.00465239 2.41376e-05 3.02347e-05
0.00465239 2.10968e-06 3.54497e-06
0.00465239 3.11896e-05 3.09747e-05
0.00465239 2.46267e-05 2.00985e-05
0.00465239 8.71604e-05 8.24321e-05
0.00465239 0.00032725 0.0002826
0.00465239 0.000105675 8.88551e-05
0.00465239 1.57911e-05 1.57523e-05
0.00465239 3.03001e-06 4.24107e-06
0.00465239 2.52966e-05 1.57367e-05
0.00465239 0.000208108 0.000197367
0.00465239 1.15979e-05 1.07759e-05
0.00465239 1.91894e-05 1.33422e-05
0.00465239 4.87763e-06 7.1317e-06
0.00465239 8.04763e-05 7.44618e-05
0.00465239 6.65758e-06 5.98727e-06
0.00465239 0.000353002 0.000302658
0.00465239 2.41346e-06 2.67062e-06
0.00465239 0.000488553 0.000427204
0.00465239 0.000468845 0.000410167
0.00465239 0.000495803 0.000422266
0.00465239 0.000136709 0.000113812
0.00465239 5.49905e-06 2.50364e-06
0.00465239 8.32269e-05 7.12333e-05
0.00465239 5.20511e-05 3.96798e-05
0.00465239 0.000187752 0.000147937
0.00465239 0.000142184 0.000101489
0.00465239 8.26706e-06 3.74305e-06
0.00465239 1.67093e-05 1.84338e-05
0.00465239 6.20501e-06 5.43728e-06
0.00465239 8.95441e-05 9.24014e-05
0.00465239 5.21755e-06 7.09589e-06
0.00465239 7.53116e-05 6.10491e-05
0.00465239 0.000214162 0.000189321
0.00465239 0.000165302 0.0001267
0.00465239 1.82529e-05 1.66674e-05
0.00465239 1.14638e-05 1.33945e-05
0.00465239 0.000222612 0.000231823
0.00465239 0.000394994 0.000339219
0.00465239 3.56061e-05 1.76011e-05
0.00465239 0.000295562 0.000246683
0.00465239 2.44822e-05 2.32188e-05
0.00465239 1.09459e-05 1.57217e-05
0.00465239 5.30039e-05 5.4255e-05
0.00465239 0.000217531 0.000189446
0.00465239 1.88823e-05 1.5383e-05
0.00465239 0.000628109 0.000532601
0.00465239 5.90217e-05 4.55412e-05
0.00465239 1.59595e-06 1.52423e-06
0.00465239 5.38368e-06 5.79943e-06
0.00465239 5.09544e-06 2.71364e-06
0.00465239 0.000295509 0.000232779
0.00465239 9.37193e-05 9.19874e-05
0.00465239 3.30989e-05 2.85115e-05
0.00465239 0.000107767 8.12873e-05
0.00465239 0.000195958 0.000123874
0.00465239 0.000104864 8.49103e-05
0.00465239 0.000123109 0.000110951
0.00465239 8.64774e-05 8.08449e-05
0.00465239 1.95426e-05 2.34073e-05
0.00465239 0.000505574 0.000432535
0.00465239 3.62231e-05 3.38689e-05
0.00465239 0.000108335 0.000109441
0.00465239 1.05322e-05 8.14851e-06
0.00465239 9.68964e-05 8.3895e-05
0.00465239 5.62305e-05 4.41453e-05
0.00465239 6.74318e-05 6.20925e-05
0.00465239 2.45362e-05 1.81305e-05
0.00465239 0.000850988 0.000686679
0.00465239 0.000323902 0.000251925
0.00465239 0.00012575 9.67198e-05
0.00465239 0.000249417 0.000207706
0.00465239 4.0576e-05 4.1333e-05
0.00465239 2.31075e-05 1.39064e-05
0.00465239 0.000211975 0.00016898
0.00465239 0.000127819 0.00011079
0.00465239 0.000256699 0.000210638
0.00465239 2.69284e-06 1.50516e-06
0.00465239 3.36166e-05 3.56998e-05
0.00465239 3.63051e-05 3.36496e-05
0.00465239 4.99303e-06 5.78763e-06
0.00465239 0.000110829 0.000100058
0.00465239 0.000224501 0.000189541
0.00465239 8.9632e-07 1.00037e-06
0.00465239 0.000318396 0.000257065
0.00465239 0.000719331 0.000558465
0.00465239 2.95003e-05 2.47216e-05
0.00465239 0.000205136 0.00018526
0.00465239 5.98198e-06 3.58692e-06
0.00535025 0.000477487 0.000435373
0.00535025 0.00023707 0.000255548
0.00535025 0.00151238 0.00121763
0.00535025 0.00037838 0.000310772
0.00535025 0.000174331 0.000163029
0.00535025 1.45065e-05 9.2424e-06
0.00535025 0.000116189 0.000110233
0.00535025 9.73899e-05 9.60254e-05
0.00535025 0.000669612 0.000571283
0.00535025 1.44924e-05 1.03159e-05
0.00535025 2.71956e-05 2.00202e-05
0.00535025 2.33032e-05 2.03922e-05
0.00535025 0.000129986 0.000105985
0.00535025 0.000373793 0.000246253
0.00535025 0.000241817 0.000204625
0.00535025 0.000137148 0.000112761
0.00535025 3.90154e-06 3.65544e-06
0.00535025 3.32363e-05 3.53094e-05
0.00535025 1.31392e-05 8.99576e-06
0.00535025 0.000315944 0.000236445
0.00535025 5.61289e-05 5.43315e-05
0.00535025 0.000233517 0.000221551
0.00535025 0.000116581 7.78622e-05
0.00535025 0.000170707 0.000152115
0.00535025 4.17681e-05 2.62492e-05
0.00535025 0.000161602 0.000149074
0.00535025 3.60328e-06 2.83905e-06
0.00535025 7.1618e-05 5.71477e-05
0.00535025 6.06382e-05 4.93617e-05
0.00535025 4.47034e-05 4.58546e-05
0.00535025 0.000437084 0.000383571
0.00535025 0.000146434 0.000140901
0.00535025 0.000218639 0.000169467
0.00535025 1.94037e-05 1.44124e-05
0.00535025 1.69527e-05 2.38578e-05
0.00535025 7.32413e-05 7.42295e-05
0.00535025 8.81483e-06 1.13e-05
0.00535025 0.00051754 0.000469564
0.00535025 9.66108e-06 1.04317e-05
0.00535025 3.49808e-05 2.47819e-05
0.00535025 0.000229927 0.000183445
0.00535025 0.000249551 0.000187545
0.00535025 0.000110171 0.000102671
0.00535025 8.427e-05 7.01934e-05
0.00535025 0.0017318 0.00143951
0.00535025 0.000100407 6.09547e-05
0.00535025 4.45357e-05 3.492e-05
0.00535025 0.00019832 0.000185257
0.00535025 0.000355504 0.000275675
0.00535025 3.11159e-06 2.52162e-06
0.00535025 0.000130953 0.0001279
0.00535025 4.385e-05 3.20297e-05
0.00535025 5.10816e-06 8.11438e-06
0.00535025 3.03522e-05 2.82209e-05
0.00535025 2.73144e-06 1.79088e-06
0.00535025 0.000139455 0.000114306
0.00535025 4.61726e-05 4.74447e-05
0.00535025 2.3511e-05 1.69587e-05
0.00535025 0.000515715 0.000388653
0.00535025 7.08404e-06 6.0087e-06
0.00535025 8.57348e-05 5.00431e-05
0.00535025 0.000214205 0.000164638
0.00535025 0.000203973 0.000202692
0.00535025 2.17882e-05 2.00389e-05
0.00535025 3.88767e-05 2.93944e-05
0.00535025 6.00457e-05 5.852e-05
0.00535025 3.09019e-06 3.78196e-06
0.00535025 0.000869947 0.00076015
0.00535025 0.000198715 0.000170708
0.00535025 0.00066941 0.000573788
0.00535025 0.000131068 0.000124089
0.00535025 7.58204e-06 3.54636e-06
0.00535025 2.57897e-05 2.42405e-05
0.00535025 0.000510468 0.000449199
0.00535025 1.56682e-05 1.72465e-05
0.00535025 2.32259e-05 1.39333e-05
0.00535025 0.00022559 0.000197725
0.00535025 8.5921e-05 6.78415e-05
0.00535025 7.19355e-06 4.72127e-06
0.00535025 0.00041648 0.000363109
0.00535025 8.24091e-05 8.47938e-05
0.00535025 1.94479e-05 1.52891e-05
0.00535025 0.000312007 0.000256049
0.00535025 0.000212922 0.00017804
0.00535025 3.93547e-06 2.52017e-06
0.00535025 0.000181095 0.000145373
0.00535025 0.00022874 0.000175552
0.00535025 0.000402959 0.000324401
0.00535025 1.27337e-05 4.4225e-06
0.00535025 1.54562e-06 1.70529e-06
0.00535025 3.7749e-05 4.08351e-05
0.00535025 2.10848e-06 2.19192e-06
0.00535025 9.9064e-06 9.74784e-06
0.00535025 0.000539043 0.000384827
0.00535025 0.000123683 0.000126703
0.00535025 0.000831659 0.000704661
0.00535025 6.62252e-05 6.49954e-05
0.00535025 9.21366e-05 6.95053e-05
0.00535025 3.61932e-06 4.30016e-06
0.00535025 6.88816e-05 4.14883e-05
0.00615279 9.22982e-05 8.13979e-05
0.00615279 0.000452025 0.00037033
0.00615279 0.00032502 0.000287136
0.00615279 7.33937e-05 5.05965e-05
0.00615279 0.000205858 0.000159304
0.00615279 0.00013402 0.000137033
0.00615279 0.00208352 0.00173075
0.00615279 3.16945e-05 2.85541e-05
0.00615279 0.000175275 0.000141967
0.00615279 6.8221e-06 8.27164e-06
0.00615279 1.98017e-05 1.5889e-05
0.00615279 8.63973e-05 4.99165e-05
0.00615279 9.26336e-05 8.20565e-05
0.00615279 0.000386303 0.000334152
0.00615279 0.00201293 0.00173623
0.00615279 8.13117e-05 5.35184e-05
0.00615279 0.000202917 0.000206502
0.00615279 0.000303715 0.000248459
0.00615279 3.45391e-06 4.46454e-06
0.00615279 4.09159e-06 4.43571e-06
0.00615279 4.42809e-05 4.91742e-05
0.00615279 1.00696e-05 4.38719e-06
0.00615279 3.50434e-05 2.98974e-05
0.00615279 0.000102056 8.76902e-05
0.00615279 9.95339e-06 9.72273e-06
0.00615279 0.000296564 0.000241157
0.00615279 0.000207709 0.000210545
0.00615279 2.68255e-05 1.92731e-05
0.00615279 0.00101189 0.000908833
0.00615279 9.19449e-06 7.17561e-06
0.00615279 0.00021543 0.000189924
0.00615279 0.00133278 0.00118958
0.00615279 1.9802e-05 1.60517e-05
0.00615279 1.11616e-05 4.42604e-06
0.00615279 3.14612e-06 2.65511e-06
0.00615279 0.000277807 0.000268081
0.00615279 0.000424552 0.000327824
0.00615279 1.24858e-05 7.21087e-06
0.00615279 2.05504e-05 1.69609e-05
0.00615279 2.87463e-06 2.86324e-06
0.00615279 4.0242e-06 6.64385e-06
0.00615279 0.000210479 0.00018184
0.00615279 4.58983e-06 2.82153e-06
0.00615279 0.000183399 0.000156469
0.00615279 0.000105013 0.000100939
0.00615279 9.43137e-06 5.97267e-06
0.00615279 0.000221927 0.000221315
0.00615279 0.000347145 0.000317363
0.00615279 0.000477608 0.000342475
0.00615279 0.000411796 0.000380937
0.00615279 0.0002909 0.000248795
0.00615279 0.00116143 0.00089107
0.00615279 2.43688e-05 1.30504e-05
0.00615279 0.000527875 0.000445812
0.00615279 7.41756e-05 8.84249e-05
0.00615279 5.12411e-06 1.03989e-05
0.00615279 0.00030266 0.000241504
0.00615279 8.97084e-06 4.17806e-06
0.00615279 8.89337e-05 8.12447e-05
0.00615279 0.000292465 0.000260332
0.00615279 2.95011e-06 3.44696e-06
0.00615279 0.000180293 0.000144891
0.00615279 0.000140637 0.000138536
0.00615279 0.00102964 0.000773802
0.00615279 6.31019e-06 3.34209e-06
0.00615279 2.9821e-05 4.00273e-05
0.00615279 0.00023409 0.000206057
0.00615279 4.25764e-05 3.63415e-05
0.00615279 2.87234e-05 2.55075e-05
0.00615279 0.000260228 0.000211272
0.00615279 4.97303e-06 4.62085e-06
0.00615279 0.000407428 0.000401081
0.00615279 4.0997e-05 3.59091e-05
0.00615279 5.29861e-05 3.82462e-05
0.00615279 0.000399345 0.000365605
0.00615279 0.000495182 0.000377682
0.00615279 0.000225454 0.000156949
0.00615279 0.000154378 0.000119707
0.00615279 5.28574e-05 5.68637e-05
0.00615279 5.29038e-06 8.26985e-06
0.00615279 0.000158731 0.000129534
0.00615279 0.000506871 0.000452322
0.00615279 7.98274e-05 6.1826e-05
0.00615279 6.57201e-05 3.76508e-05
0.00615279 0.000457219 0.000404642
0.00615279 3.72115e-05 2.7945e-05
0.00615279 0.000399066 0.000382407
0.00615279 4.90185e-05 4.94413e-05
0.00615279 0.00151924 0.00125248
0.00615279 0.000153647 0.00014243
0.00615279 0.000735972 0.000694745
0.00615279 6.13695e-05 5.08918e-05
0.00615279 0.000749512 0.000684143
0.00615279 0.000111256 9.7843e-05
0.00615279 4.44581e-05 5.35312e-05
0.00615279 1.17134e-05 1.08672e-05
0.00615279 6.04063e-05 4.5888e-05
0.00615279 0.00137538 0.00124609
0.00615279 0.000329397 0.000281302
0.00615279 6.44779e-06 3.85491e-06
0.00707571 0.00032781 0.00031514
0.00707571 0.000192811 0.000135707
0.00707571 0.000865815 0.000770485
0.00707571 1.12682e-05 1.6251e-05
0.00707571 0.000163694 0.00010424
0.00707571 0.00046378 0.000313863
0.00707571 2.21792e-05 1.05116e-05
0.00707571 0.000749966 0.000683273
0.00707571 0.000604266 0.00056562
0.00707571 1.77296e-05 1.50728e-05
0.00707571 0.000507412 0.000454981
0.00707571 5.24499e-06 8.69817e-06
0.00707571 0.00202025 0.00170433
0.00707571 0.00111652 0.000893097
0.00707571 7.19434e-06 7.31451e-06
0.00707571 0.00045351 0.000384703
0.00707571 0.000484937 0.000468027
0.00707571 0.000194082 0.000175411
0.00707571 2.82302e-05 2.18495e-05
0.00707571 0.000184392 0.000158667
0.00707571 3.89112e-05 5.04381e-05
0.00707571 0.000300821 0.000271082
0.00707571 2.67248e-06 2.40343e-06
0.00707571 2.2395e-05 2.28251e-05
0.00707571 0.000110618 8.92844e-05
0.00707571 0.000383525 0.000290858
0.00707571 0.000431496 0.000395845
0.00707571 2.61935e-06 2.70755e-06
0.00707571 0.000350795 0.000303574
0.00707571 5.20053e-05 3.08726e-05
0.00707571 0.000323594 0.000249203
0.00707571 3.11703e-06 3.59581e-06
0.00707571 3.88545e-05 3.95903e-05
0.00707571 0.000632381 0.000582798
0.00707571 0.000117785 6.21385e-05
0.00707571 9.7389e-05 9.24627e-05
0.00707571 0.000122866 0.000120668
0.00707571 0.000269391 0.0001887
0.00707571 1.18922e-05 7.72993e-06
0.00707571 0.00103692 0.00099007
0.00707571 0.000687194 0.000569419
0.00707571 4.29854e-05 4.14993e-05
0.00707571 3.18715e-05 2.26066e-05
0.00707571 0.000493119 0.000442065
0.00707571 0.00040148 0.00028629
0.00707571 0.000236003 0.000181411
0.00707571 0.000188185 0.000190065
0.00707571 0.000188976 0.000187874
0.00707571 2.97016e-05 1.73742e-05
0.00707571 0.000617639 0.000471112
0.00707571 0.000496392 0.000393226
0.00707571 5.38413e-05 4.38041e-05
0.00707571 3.75371e-05 2.3711e-05
0.00707571 0.000308551 0.000247939
0.00707571 0.0001346 0.000108809
0.00707571 0.000379937 0.000330387
0.00707571 0.000243706 0.000218206
0.00707571 9.98813e-05 6.41532e-05
0.00707571 4.90592e-06 5.45413e-06
0.00707571 6.61092e-06 6.05646e-06
0.00707571 0.000162565 0.000108107
0.00707571 0.00078239 0.000710635
0.00707571 0.000152331 0.000107566
0.00707571 0.00031695 0.000270952
0.00707571 0.000435318 0.000314679
0.00707571 2.71907e-05 3.49187e-05
0.00707571 0.000122372 9.65869e-05
0.00707571 4.16867e-05 2.75452e-05
0.00707571 0.000313612 0.000271959
0.00707571 6.28096e-05 4.35362e-05
0.00707571 0.000399406 0.000354976
0.00707571 1.05842e-05 1.16018e-05
0.00707571 5.04413e-05 2.46157e-05
0.00707571 0.00021519 0.000203804
0.00707571 0.000524658 0.000435642
0.00707571 0.000383476 0.000276526
0.00707571 0.00118373 0.0010105
0.00707571 2.66981e-06 4.75817e-06
0.00707571 0.000395171 0.000341636
0.00707571 6.50455e-05 7.69519e-05
0.00707571 5.39412e-05 3.97631e-05
0.00707571 0.000805623 0.000657355
0.00707571 0.000178481 0.000157559
0.00707571 0.000109026 0.000112379
0.00707571 0.000972525 0.000899057
0.00707571 0.000398895 0.000365187
0.00707571 0.000119562 8.69113e-05
0.00707571 0.000137253 0.000121843
0.00707571 0.000412973 0.000405679
0.00707571 0.000110432 9.89529e-05
0.00707571 7.24481e-05 6.47902e-05
0.00707571 0.000650101 0.000568736
0.00707571 0.0004438 0.000389727
0.00707571 0.000709993 0.000617404
0.00707571 0.000903189 0.000814641
0.00707571 0.000211325 0.000165537
0.00707571 0.000540977 0.000508983
0.00707571 0.00117156 0.00103172
0.00707571 0.000376197 0.000328163
0.00707571 0.0014923 0.00120999
0.00813706 0.000685954 0.000607071
0.00813706 5.26719e-05 3.88728e-05
0.00813706 0.000135777 0.000136155
0.00813706 0.00268966 0.00250406
0.00813706 0.000168535 0.000161562
0.00813706 7.94216e-05 9.04495e-05
0.00813706 0.000701358 0.000587108
0.00813706 6.45995e-05 4.28671e-05
0.00813706 7.58765e-06 4.16414e-06
0.00813706 1.70186e-05 6.93714e-06
0.00813706 7.25926e-06 6.21333e-06
0.00813706 3.73809e-05 1.12294e-05
0.00813706 4.62463e-05 2.55507e-05
0.00813706 0.000611964 0.000505477
0.00813706 5.77932e-05 5.55748e-05
0.00813706 0.00115916 0.00102761
0.00813706 6.6356e-06 1.01504e-05
0.00813706 2.5135e-05 1.45985e-05
0.00813706 1.03059e-05 1.33514e-05
0.00813706 0.00161042 0.00126216
0.00813706 0.00010031 9.01285e-05
0.00813706 2.64676e-05 1.86339e-05
0.00813706 0.000102453 9.13121e-05
0.00813706 7.11727e-06 7.34728e-06
0.00813706 0.000997979 0.00075839
0.00813706 0.000594844 0.00046431
0.00813706 8.72898e-06 7.96267e-06
0.00813706 0.00129067 0.00101045
0.00813706 8.16092e-05 7.51794e-05
0.00813706 0.000146647 0.000158532
0.00813706 0.000258706 0.000209936
0.00813706 0.000752645 0.000591774
0.00813706 5.19119e-05 4.60908e-05
0.00813706 0.000724523 0.00059708
0.00813706 5.23934e-05 6.49105e-05
0.00813706 0.000450466 0.000358907
0.00813706 8.07441e-05 9.45479e-05
0.00813706 0.00100127 0.000860219
0.00813706 6.52554e-06 5.92267e-06
0.00813706 0.00242823 0.00199394
0.00813706 0.000306947 0.000289368
0.00813706 4.74154e-05 4.64655e-05
0.00813706 0.000118575 0.000105355
0.00813706 7.60395e-05 6.77136e-05
0.00813706 1.13607e-05 1.31829e-05
0.00813706 0.000568673 0.000426405
0.00813706 2.21767e-05 2.53129e-05
0.00813706 3.60059e-05 3.17926e-05
0.00813706 0.000118561 7.77323e-05
0.00813706 0.00123788 0.000964554
0.00813706 0.000199322 0.000169954
0.00813706 2.8333e-05 2.11092e-05
0.00813706 0.000272761 0.000237612
0.00813706 0.000426784 0.000343925
0.00813706 0.000195126 0.000143587
0.00813706 9.62174e-05 6.87764e-05
0.00813706 0.0020537 0.0017802
0.00813706 5.25833e-05 4.10171e-05
0.00813706 0.000303643 0.000276723
0.00813706 1.86656e-05 4.98508e-06
0.00813706 5.79595e-05 5.37288e-05
0.00813706 0.000206153 0.000167591
0.00813706 1.44394e-05 1.61126e-05
0.00813706 0.000163388 0.000159418
0.00813706 6.43936e-05 9.1143e-05
0.00813706 6.26694e-06 9.6487e-06
0.00813706 5.24141e-05 3.66555e-05
0.00813706 8.80098e-06 9.43579e-06
0.00813706 0.000335091 0.000314525
0.00813706 0.0010089 0.000835648
0.00813706 0.000158366 0.000157458
0.00813706 9.88265e-05 6.00841e-05
0.00813706 7.06323e-05 7.03347e-05
0.00813706 3.26248e-05 4.00031e-05
0.00813706 3.53476e-05 2.77141e-05
0.00813706 0.000156214 9.8222e-05
0.00813706 4.77473e-05 3.9145e-05
0.00813706 0.000893856 0.0007959
0.00813706 3.00352e-05 2.44298e-05
0.00813706 0.00111668 0.00100315
0.00813706 0.000662111 0.000508154
0.00813706 0.00186697 0.00144617
0.00813706 9.10768e-06 9.74604e-06
0.00813706 0.000219545 0.000227038
0.00813706 0.00272476 0.00241249
0.00813706 0.00178995 0.00154646
0.00813706 6.43285e-05 6.09215e-05
0.00813706 0.00088207 0.000808031
0.00813706 9.52395e-05 0.00011155
0.00813706 0.00034333 0.000288279
0.00813706 0.000556182 0.000477538
0.00813706 0.000971749 0.000843074
0.00813706 9.38181e-05 0.000100706
0.00813706 3.49595e-05 3.04038e-05
0.00813706 0.00011754 0.000102648
0.00813706 3.43645e-05 3.5471e-05
0.00813706 3.38053e-05 2.6408e-05
0.00813706 0.000210139 0.000200875
0.00813706 7.2712e-05 8.24686e-05
0.00813706 7.7867e-05 7.4131e-05
0.00935762 6.49228e-05 3.43003e-05
0.00935762 0.00145626 0.00125675
0.00935762 0.000515761 0.000353199
0.00935762 0.000147816 0.000113918
0.00935762 0.00289692 0.00242558
0.00935762 0.000364868 0.000325695
0.00935762 0.000211587 0.000219089
0.00935762 0.000257448 0.000254179
0.00935762 0.000190505 0.000220633
0.00935762 0.000987145 0.000770277
0.00935762 0.00183192 0.00160018
0.00935762 0.00142673 0.00118099
0.00935762 0.000318301 0.000298828
0.00935762 0.00113389 0.000923742
0.00935762 0.00023313 0.000215747
0.00935762 0.000706578 0.000642066
0.00935762 0.00355064 0.00319387
0.00935762 0.000633553 0.000520801
0.00935762 0.000305282 0.000222253
0.00935762 0.000813036 0.000700705
0.00935762 0.00038599 0.000325611
0.00935762 2.42553e-05 3.31259e-05
0.00935762 0.000128201 0.00011948
0.00935762 0.000750379 0.000666774
0.00935762 5.99774e-05 0.000102563
0.00935762 9.07004e-05 6.78883e-05
0.00935762 0.00014193 0.000125291
0.00935762 0.000275471 0.000276931
0.00935762 0.000918713 0.000773714
0.00935762 5.07388e-06 5.4845e-06
0.00935762 0.000400264 0.000324143
0.00935762 0.000468799 0.000429376
0.00935762 0.00021023 0.000184014
0.00935762 0.00358116 0.00307173
0.00935762 6.5592e-05 4.81344e-05
0.00935762 9.96405e-06 9.30348e-06
0.00935762 0.0018866 0.00165001
0.00935762 0.00013775 0.000153275
0.00935762 0.000494676 0.000450928
0.00935762 0.00108893 0.000938502
0.00935762 0.000489317 0.00045943
0.00935762 0.00292374 0.00254637
0.00935762 9.21323e-06 6.64881e-06
0.00935762 0.00124999 0.000961115
0.00935762 0.000496636 0.000337028
0.00935762 0.00015986 0.000115483
0.00935762 0.00111704 0.00107946
0.00935762 0.00100442 0.000888216
0.00935762 9.75997e-05 5.81206e-05
0.00935762 0.00103203 0.000947351
0.00935762 2.61914e-05 1.51181e-05
0.00935762 1.64105e-05 9.52046e-06
0.00935762 0.00209532 0.00158221
0.00935762 3.15834e-05 6.12187e-05
0.00935762 0.000108339 8.78489e-05
0.00935762 0.000412103 0.000344941
0.00935762 0.00053886 0.000407988
0.00935762 4.25459e-05 4.02692e-05
0.00935762 4.67694e-05 4.43812e-05
0.00935762 0.00256127 0.00228679
0.00935762 0.0005852 0.000529684
0.00935762 0.00139262 0.00125925
0.00935762 0.00175777 0.00144627
0.00935762 2.1485e-05 2.33866e-05
0.00935762 0.00167521 0.00138198
0.00935762 0.000562683 0.000423389
0.00935762 1.42118e-05 1.04954e-05
0.00935762 0.001454 0.00110938
0.00935762 3.97287e-06 4.11882e-06
0.00935762 0.000249397 0.000243107
0.00935762 0.00043289 0.000438024
0.00935762 0.000208438 0.000217344
0.00935762 0.00241714 0.00198142
0.00935762 0.000262899 0.000272495
0.00935762 3.83005e-05 4.76017e-05
0.00935762 0.000375396 0.000302553
0.00935762 8.37702e-05 7.35264e-05
0.00935762 1.40661e-05 1.40217e-05
0.00935762 7.10197e-06 9.86971e-06
0.00935762 1.19452e-05 1.70719e-05
0.00935762 4.51235e-05 3.64506e-05
0.00935762 0.000543523 0.000525853
0.00935762 0.000117858 9.27e-05
0.00935762 0.000118491 7.49824e-05
0.00935762 0.00297891 0.00245635
0.00935762 9.91086e-05 0.000108283
0.00935762 0.000334087 0.000331436
0.00935762 0.000622585 0.000502372
0.00935762 0.000426889 0.000380939
0.00935762 7.38567e-05 8.76912e-05
0.00935762 1.29274e-05 1.06201e-05
0.00935762 0.00250121 0.00219623
0.00935762 0.000572997 0.000568902
0.00935762 6.05648e-05 5.61882e-05
0.00935762 0.000292007 0.000264425
0.00935762 0.00011212 7.14776e-05
0.00935762 0.000145293 5.78473e-05
0.00935762 0.00112082 0.00089909
0.00935762 0.000141884 0.000161126
0.00935762 0.000872145 0.000667847
0.0107613 0.000270917 0.00024468
0.0107613 7.39449e-06 7.40568e-06
0.0107613 0.000752036 0.000650196
0.0107613 0.000122049 8.58314e-05
0.0107613 0.000804601 0.000541422
0.0107613 0.000109451 9.81006e-05
0.0107613 0.00120642 0.00117302
0.0107613 0.00106675 0.000837763
0.0107613 0.00200264 0.00174921
0.0107613 0.000390068 0.000384189
0.0107613 6.82233e-06 6.56048e-06
0.0107613 0.00206787 0.00178926
0.0107613 0.000336071 0.000323318
0.0107613 0.000226526 0.00023101
0.0107613 0.000556047 0.000463483
0.0107613 7.36962e-05 7.01003e-05
0.0107613 0.00085254 0.000751244
0.0107613 2.13646e-05 1.3147e-05
0.0107613 0.000513632 0.000423082
0.0107613 2.66989e-05 2.34218e-05
0.0107613 0.00036042 0.000210359
0.0107613 7.39403e-05 6.28577e-05
0.0107613 2.75041e-05 1.12273e-05
0.0107613 0.00110255 0.00102596
0.0107613 2.61593e-05 3.14999e-05
0.0107613 0.000776545 0.000657182
0.0107613 0.00400877 0.00344527
0.0107613 0.000230557 0.000196493
0.0107613 0.000789827 0.000664113
0.0107613 0.000325131 0.000237372
0.0107613 0.000150802 0.000125572
0.0107613 0.000866287 0.000748087
0.0107613 5.76966e-05 8.2499e-05
0.0107613 0.0021684 0.00205533
0.0107613 1.56226e-05 1.94617e-05
0.0107613 0.000999045 0.000857089
0.0107613 0.00197191 0.00158858
0.0107613 0.000719169 0.000493354
0.0107613 4.24274e-05 4.49745e-05
0.0107613 0.000493521 0.00034381
0.0107613 0.000269539 0.000245359
0.0107613 5.08516e-05 5.58392e-05
0.0107613 0.00225848 0.00182102
0.0107613 1.92498e-05 2.02919e-05
0.0107613 3.91556e-05 3.44674e-05
0.0107613 0.000226937 0.000209539
0.0107613 1.55752e-05 3.23141e-05
0.0107613 0.000939687 0.00088074
0.0107613 3.21319e-05 3.21342e-05
0.0107613 0.00635475 0.00558713
0.0107613 4.379e-05 4.39978e-05
0.0107613 0.0023054 0.00189614
0.0107613 0.000228561 0.000172547
0.0107613 0.00076231 0.000725463
0.0107613 0.000479318 0.000418747
0.0107613 0.00147778 0.00134006
0.0107613 0.000173761 0.000187418
0.0107613 0.000276351 0.000237347
0.0107613 0.000121663 0.000121145
0.0107613 0.000153762 0.000198249
0.0107613 0.00118346 0.000907311
0.0107613 6.11961e-06 6.17671e-06
0.0107613 7.20843e-05 5.96669e-05
0.0107613 7.47151e-05 5.62245e-05
0.0107613 0.00101394 0.000910776
0.0107613 2.4567e-05 1.91026e-05
0.0107613 0.000316696 0.000308844
0.0107613 0.00233631 0.00183684
0.0107613 1.82465e-05 2.55488e-05
0.0107613 5.05386e-05 1.87598e-05
0.0107613 7.73889e-05 7.98047e-05
0.0107613 0.00121766 0.00117162
0.0107613 0.000498812 0.000490782
0.0107613 0.000686664 0.000509517
0.0107613 0.000148509 0.000141427
0.0107613 6.34428e-05 6.66112e-05
0.0107613 0.000577664 0.000446954
0.0107613 0.000189017 0.000153907
0.0107613 0.00067109 0.000550443
0.0107613 0.000378225 0.000326445
0.0107613 0.00170711 0.00160849
0.0107613 0.000641864 0.000555282
0.0107613 0.000175212 0.000188678
0.0107613 5.97684e-05 1.68622e-05
0.0107613 0.00203924 0.00179949
0.0107613 8.58462e-05 4.96247e-05
0.0107613 0.00127702 0.00112455
0.0107613 0.000119983 0.000155831
0.0107613 5.65219e-05 6.35574e-05
0.0107613 0.0012405 0.00090685
0.0107613 0.00283293 0.00275018
0.0107613 0.00151708 0.0012151
0.0107613 0.000545316 0.000487594
0.0107613 0.00239393 0.00200553
0.0107613 0.000765145 0.000793896
0.0107613 5.65083e-05 5.8467e-05
0.0107613 0.000122165 8.89846e-05
0.0107613 0.00202211 0.00181724
0.0107613 0.00260837 0.00206577
0.0107613 0.000253513 0.000248541
0.0123755 2.08485e-05 1.44223e-05
0.0123755 0.000485277 0.000349083
0.0123755 0.000349936 0.00034945
0.0123755 0.000525714 0.000521166
0.0123755 0.000233022 0.000234091
0.0123755 0.000110288 0.000125013
0.0123755 0.000201096 0.000188566
0.0123755 0.000331706 0.00027025
0.0123755 0.00138878 0.00121411
0.0123755 1.18829e-05 1.80535e-05
0.0123755 0.000900836 0.000962781
0.0123755 1.56926e-05 1.62558e-05
0.0123755 2.91956e-05 4.32949e-05
0.0123755 0.00205368 0.00161447
0.0123755 0.000113773 6.44986e-05
0.0123755 0.000870806 0.000846017
0.0123755 8.62346e-05 8.2264e-05
0.0123755 0.00271271 0.0023111
0.0123755 0.00080849 0.000551379
0.0123755 0.000119088 0.000103477
0.0123755 0.00015759 0.000136643
0.0123755 0.000155043 0.000120563
0.0123755 0.00118362 0.00101338
0.0123755 0.00299935 0.00254521
0.0123755 0.000847791 0.000779822
0.0123755 0.000881312 0.000767685
0.0123755 0.000641317 0.000665205
0.0123755 0.000639893 0.000473625
0.0123755 0.000204087 0.000168207
0.0123755 0.000500127 0.000396866
0.0123755 0.00279515 0.00225363
0.0123755 0.00294921 0.00268019
0.0123755 0.00127149 0.00102169
0.0123755 0.000355814 0.000237675
0.0123755 5.19854e-05 5.49948e-05
0.0123755 0.00205123 0.00180717
0.0123755 1.46297e-05 2.47581e-05
0.0123755 0.00206355 0.00177779
0.0123755 0.00123072 0.00122244
0.0123755 0.0017487 0.00138237
0.0123755 1.09565e-05 6.13974e-06
0.0123755 0.00143616 0.00123523
0.0123755 8.37342e-05 9.34693e-05
0.0123755 4.02003e-05 3.6334e-05
0.0123755 9.32366e-05 2.57588e-05
0.0123755 0.00085282 0.000613729
0.0123755 0.000179752 0.000168004
0.0123755 0.00239235 0.0018957
0.0123755 0.00208928 0.00179346
0.0123755 0.0014023 0.00131213
0.0123755 3.14844e-05 4.81808e-05
0.0123755 9.59214e-05 0.000102826
0.0123755 0.000550707 0.000462422
0.0123755 0.00157591 0.00155102
0.0123755 0.000416016 0.000413994
0.0123755 0.00135504 0.00112207
0.0123755 2.52e-05 1.97614e-05
0.0123755 0.00172886 0.00128219
0.0123755 2.60934e-05 2.97177e-05
0.0123755 0.00122522 0.00119899
0.0123755 6.67556e-05 6.69247e-05
0.0123755 1.97042e-05 1.91052e-05
0.0123755 0.00399561 0.00354749
0.0123755 3.27518e-05 2.51663e-05
0.0123755 0.000473987 0.000387048
0.0123755 2.73393e-05 4.02706e-05
0.0123755 0.000928678 0.000912859
0.0123755 0.00269077 0.00217513
0.0123755 0.000796103 0.000728076
0.0123755 0.000120344 0.000100629
0.0123755 0.000129117 0.00012257
0.0123755 6.54981e-06 6.98927e-06
0.0123755 0.000447919 0.000368721
0.0123755 0.000112484 0.000104274
0.0123755 0.000273308 0.000252606
0.0123755 1.65262e-05 2.37992e-05
0.0123755 1.94619e-05 8.54878e-06
0.0123755 0.00137241 0.00116344
0.0123755 0.000697464 0.000660104
0.0123755 0.000869908 0.000770289
0.0123755 0.00204997 0.00179064
0.0123755 0.00113555 0.000747992
0.0123755 0.00312507 0.00261429
0.0123755 0.0045302 0.00384985
0.0123755 0.000276579 0.000215324
0.0123755 0.00010119 7.57147e-05
0.0123755 0.000888582 0.000753228
0.0123755 2.21577e-05 2.33996e-05
0.0123755 0.0001003 9.95322e-05
0.0123755 0.00118638 0.000828939
0.0123755 7.82209e-05 6.15352e-05
0.0123755 0.00043767 0.000280861
0.0123755 0.000201967 0.000226925
0.0123755 0.000404462 0.000325105
0.0123755 0.00277579 0.00244922
0.0123755 1.59208e-05 1.34184e-05
0.0123755 0.00042717 0.000412222
0.0123755 8.55836e-05 0.000116636
0.0123755 0.00059474 0.00048388
0.0123755 0.000216674 0.000212001
0.0142318 0.00146923 0.00128273
0.0142318 0.00320208 0.00300658
0.0142318 0.000314932 0.0002321
0.0142318 0.000519553 0.000353896
0.0142318 0.000822933 0.000746722
0.0142318 0.000570481 0.000470704
0.0142318 0.00658133 0.00567881
0.0142318 0.00179764 0.00157771
0.0142318 0.000750407 0.000510244
0.0142318 7.65219e-05 0.000101023
0.0142318 0.00169568 0.00141617
0.0142318 0.00195541 0.00171373
0.0142318 0.00152282 0.00140776
0.0142318 0.00331043 0.00283956
0.0142318 0.00511296 0.00450888
0.0142318 0.000408501 0.000313269
0.0142318 0.000650071 0.000570819
0.0142318 0.000115675 0.000113327
0.0142318 0.000260745 0.000288126
0.0142318 0.000577969 0.000600112
0.0142318 0.00027314 0.000235875
0.0142318 4.89954e-05 2.84098e-05
0.0142318 0.00133665 0.00129128
0.0142318 0.00592665 0.00500001
0.0142318 0.00404966 0.00368414
0.0142318 2.50015e-05 2.95842e-05
0.0142318 0.0015439 0.00127662
0.0142318 0.000780175 0.000572301
0.0142318 0.00214337 0.00155363
0.0142318 3.71624e-05 5.01641e-05
0.0142318 0.00137028 0.0012754
0.0142318 0.000550411 0.000440097
0.0142318 0.00138793 0.00112327
0.0142318 0.00855579 0.00667786
0.0142318 8.86519e-05 7.93241e-05
0.0142318 0.00186505 0.00165447
0.0142318 0.000296146 0.000207323
0.0142318 0.000681087 0.000636163
0.0142318 0.00107808 0.000874415
0.0142318 0.000191794 0.000182362
0.0142318 0.000119661 0.000124859
0.0142318 0.000349314 0.000221473
0.0142318 0.00137849 0.00101156
0.0142318 0.000205845 0.000204147
0.0142318 0.000241039 0.000246078
0.0142318 0.000774836 0.000537014
0.0142318 1.13146e-05 1.81025e-05
0.0142318 0.000899169 0.000714008
0.0142318 0.00182592 0.00162573
0.0142318 0.000108359 7.30798e-05
0.0142318 0.000193644 0.000207574
0.0142318 0.000967881 0.00089124
0.0142318 9.37635e-05 4.38531e-05
0.0142318 0.00186342 0.00151067
0.0142318 0.00134885 0.000931176
0.0142318 0.000382512 0.00039103
0.0142318 0.000171502 0.000119435
0.0142318 0.000505522 0.000365725
0.0142318 0.0006806 0.000649615
0.0142318 0.000328029 0.000297353
0.0142318 0.000954155 0.00089638
0.0142318 0.00108399 0.000816592
0.0142318 0.00339203 0.00301917
0.0142318 0.000124122 6.41907e-05
0.0142318 0.000528968 0.000404461
0.0142318 0.000185212 0.000166544
0.0142318 0.000248765 0.000201561
0.0142318 0.00341767 0.00315728
0.0142318 1.30293e-05 7.49756e-06
0.0142318 0.000106283 0.000103529
0.0142318 0.000111148 8.76353e-05
0.0142318 7.7486e-05 6.57733e-05
0.0142318 6.28144e-05 4.92784e-05
0.0142318 0.00726471 0.00556748
0.0142318 0.00108078 0.000856262
