 -8.28590272e-03
 -1.31273799e-02
 -1.11025748e-01
 -6.73632220e-04
 -4.23276059e-02
 -5.19369878e-01
 -5.19096185e-02
 -5.48377400e-02
 -3.40116282e-02
 -5.31648811e-04
 -1.24724433e-02
 -3.07576667e-02
 -8.84329266e-02
 -8.30015373e-02
 -1.27142879e-02
 -1.03091291e-01
 -2.79901516e-02
 -8.94192786e-02
 -1.47109429e-02
 -7.74558147e-04
 -3.98906150e-02
 -3.44443387e-02
 -2.01246154e-01
 -1.71870499e-02
 -2.01438791e-01
 -2.08357775e-01
 -7.77963129e-03
 -2.26568649e-01
 -2.46274629e-01
 -5.33288496e-03
 -1.18995666e-02
 -1.12188809e-01
 -2.78559026e-04
 -8.47683749e-03
 -2.20874744e-02
 -2.26452792e-02
 -3.39515756e-02
 -5.40691951e-02
 -1.29887484e-01
 -3.50029173e-02
 -1.90027179e-02
 -5.96507969e-02
 -8.92051824e-02
 -7.58672977e-02
 -2.22850541e-01
 -2.16596145e-04
 -5.32008128e-02
 -3.10181403e-02
 -5.04771777e-03
 -7.11857422e-02
 -7.31327195e-03
 -7.06498615e-02
 -1.30118769e-01
 -1.34187310e-02
 -2.24134030e-02
 -1.67138864e-02
 -1.26709281e-02
 -1.65101331e-01
 -2.36716456e-02
 -1.33105708e-02
 -1.92317995e-02
 -1.24992642e-02
 -6.18120335e-02
 -1.20662481e-02
 -1.59924127e-03
 -9.82046645e-03
 -4.31340164e-02
 -2.21710373e-02
 -1.29131015e-02
 -7.69495330e-02
 -1.82281026e-02
 -2.13460601e-01
 -1.62095180e-02
 -1.79095836e-03
 -7.20880584e-03
 -5.34548048e-03
 -1.48383115e-02
 -1.84191154e-01
 -2.21534603e-01
 -2.26568981e-02
 -5.52090229e-02
 -3.31214217e-02
 -2.09695256e-02
 -1.69911589e-02
 -6.35897819e-02
 -2.96721071e-03
 -3.05013531e-02
 -3.56136202e-02
 -9.44378745e-02
 -5.72927622e-02
 -3.38656281e-02
 -3.59799276e-02
 -1.62697433e-01
 -6.39394106e-02
 -7.54829345e-02
 -9.78767640e-02
 -4.98845455e-02
 -2.14342380e-01
 -8.02247401e-02
 -3.27321918e-02
