 1.21163664e-02
 2.87101487e-02
 -2.96149015e-02
 3.54964896e-04
 1.73999094e-01
 -1.48804643e-01
 -1.26323055e-02
 -1.34646607e-02
 1.52187718e-01
 5.44927776e-04
 1.65819548e-03
 1.34764473e-01
 -2.39701692e-02
 -2.25423861e-02
 1.76495415e-02
 -2.88902060e-02
 1.18462765e-01
 -1.86732158e-02
 2.27052118e-02
 1.64495356e-03
 1.65599104e-01
 1.41794725e-01
 -5.11583063e-02
 -3.13246161e-03
 -5.18597225e-02
 -5.60938454e-02
 1.12831035e-02
 -6.36324972e-02
 -6.85509712e-02
 4.83961000e-03
 3.05837128e-02
 -2.79639976e-02
 8.63425404e-04
 1.39149848e-02
 3.53122932e-02
 9.00600367e-02
 1.42606311e-01
 -1.21465256e-02
 -3.58553160e-02
 1.47075804e-01
 2.90567769e-02
 2.63990715e-01
 -2.12151215e-02
 3.21838189e-01
 -6.42939988e-02
 1.22036139e-05
 -1.31885843e-02
 4.80945459e-02
 5.73559159e-03
 3.09711509e-01
 2.45185696e-02
 -1.54550895e-02
 -3.10660976e-02
 -1.65118329e-03
 8.88839139e-02
 2.57373408e-02
 2.10323444e-02
 -4.24993305e-02
 9.97131244e-02
 1.68426651e-02
 2.92658198e-02
 2.84087977e-02
 2.77599759e-01
 4.52981289e-02
 -2.70150880e-04
 4.42454865e-02
 -1.22111100e-02
 8.54906908e-02
 2.05678262e-02
 -1.50753385e-02
 2.96758751e-02
 -5.61120388e-02
 6.31111978e-02
 -2.17964632e-04
 1.21513661e-02
 9.27570713e-03
 6.28684650e-02
 -4.77347999e-02
 -6.67089697e-02
 3.67443087e-02
 -1.43709046e-02
 -3.61315780e-03
 3.37539907e-02
 2.66291764e-02
 -1.20139032e-02
 -7.63566834e-04
 -6.94468369e-03
 1.56351976e-01
 -2.39452515e-02
 2.45864521e-01
 5.29977677e-02
 -7.37643022e-03
 -4.17393218e-02
 2.75866746e-01
 -1.91502858e-02
 -2.51597308e-02
 1.97484788e-01
 -5.75639728e-02
 3.52744294e-01
 1.41741282e-01
