0.001 4.55283e-06 4.34029e-06
0.00115 6.07312e-06 5.7862e-06
0.0013225 8.01801e-06 7.64043e-06
0.00152087 1.06451e-05 1.01401e-05
0.00174901 1.40414e-05 1.33808e-05
0.00201136 1.8623e-05 1.77439e-05
0.00231306 2.45634e-05 2.341e-05
0.00266002 3.22386e-05 3.0735e-05
0.00305902 4.269e-05 4.0689e-05
0.00351788 5.62317e-05 5.3608e-05
0.00404556 7.42447e-05 7.07834e-05
0.00465239 9.82438e-05 9.36652e-05
0.00535025 0.000129551 0.000123517
0.00615279 0.000170647 0.000162731
0.00707571 0.000224929 0.000214523
0.00813706 0.00029639 0.000282683
0.00935762 0.000389935 0.000371953
0.0107613 0.000513051 0.000489413
0.0123755 0.000674196 0.000643209
0.0142318 0.000885404 0.000844748
0.0163665 0.00116137 0.00110813
0.0188215 0.00152017 0.0014505
0.0216447 0.00198715 0.00189599
0.0248915 0.00259026 0.00247126
0.0286252 0.00336982 0.00321421
0.032919 0.00436912 0.00416553
0.0378568 0.00564312 0.00537644
0.0435353 0.0072582 0.00690752
0.0500656 0.00928228 0.00881915
0.0575755 0.011799 0.0111821
0.0662118 0.0148825 0.014052
0.0761435 0.0186136 0.0174784
0.0875651 0.0230494 0.0214684
0.1007 0.0282152 0.0259655
0.115805 0.0341076 0.0308271
0.133176 0.0406669 0.035762
0.153152 0.0477787 0.0402695
0.176125 0.0552907 0.0435863
0.202543 0.0630449 0.0448003
0.232925 0.070974 0.0441822
0.267864 0.0793293 0.048868
0.308043 0.0892037 0.0779328
0.35425 0.103748 0.137084
0.407387 0.129976 0.202543
0.468495 0.178331 0.254589
0.538769 0.254316 0.28955
0.619585 0.349226 0.311131
0.712522 0.446675 0.324097
0.819401 0.534982 0.332106
0.942311 0.609994 0.33756

0.001 4.55283e-06 4.34029e-06
0.00115 6.07312e-06 5.7862e-06
0.0013225 8.01801e-06 7.64043e-06
0.00152087 1.06451e-05 1.01401e-05
0.00174901 1.40414e-05 1.33808e-05
0.00201136 1.8623e-05 1.77439e-05
0.00231306 2.45634e-05 2.341e-05
0.00266002 3.22386e-05 3.0735e-05
0.00305902 4.269e-05 4.0689e-05
0.00351788 5.62317e-05 5.3608e-05
0.00404556 7.42447e-05 7.07834e-05
0.00465239 9.82438e-05 9.36652e-05
0.00535025 0.000129551 0.000123517
0.00615279 0.000170647 0.000162731
0.00707571 0.000224929 0.000214523
0.00813706 0.00029639 0.000282683
0.00935762 0.000389935 0.000371953
0.0107613 0.000513051 0.000489413
0.0123755 0.000674196 0.000643209
0.0142318 0.000885404 0.000844748
0.0163665 0.00116137 0.00110813
0.0188215 0.00152017 0.0014505
0.0216447 0.00198715 0.00189599
0.0248915 0.00259026 0.00247126
0.0286252 0.00336982 0.00321421
0.032919 0.00436912 0.00416553
0.0378568 0.00564312 0.00537644
0.0435353 0.0072582 0.00690752
0.0500656 0.00928228 0.00881915
0.0575755 0.011799 0.0111821
0.0662118 0.0148825 0.014052
0.0761435 0.0186136 0.0174784
0.0875651 0.0230494 0.0214684
0.1007 0.0282152 0.0259655
0.115805 0.0341076 0.0308271
0.133176 0.0406669 0.035762
0.153152 0.0477787 0.0402695
0.176125 0.0552907 0.0435863
0.202543 0.0630449 0.0448003
0.232925 0.070974 0.0441822
0.267864 0.0793293 0.048868
0.308043 0.0892037 0.0779328
0.35425 0.103748 0.137084
0.407387 0.129976 0.202543
0.468495 0.178331 0.254589
0.538769 0.254316 0.28955
0.619585 0.349226 0.311131
0.712522 0.446675 0.324097
0.819401 0.534982 0.332106
0.942311 0.609994 0.33756

0.001 1.86539e-07 7.80993e-08
0.00115 2.46591e-07 1.03321e-07
0.0013225 3.26544e-07 1.38368e-07
0.00152087 4.33752e-07 1.8083e-07
0.00174901 5.72102e-07 2.41206e-07
0.00201136 7.59303e-07 3.15914e-07
0.00231306 1.00292e-06 4.18926e-07
0.00266002 1.33129e-06 5.54057e-07
0.00305902 1.76046e-06 7.35708e-07
0.00351788 2.33067e-06 9.72762e-07
0.00404556 3.09211e-06 1.28814e-06
0.00465239 4.0943e-06 1.7054e-06
0.00535025 5.44365e-06 2.24876e-06
0.00615279 7.21611e-06 2.9823e-06
0.00707571 9.58552e-06 3.94152e-06
0.00813706 1.27253e-05 5.22519e-06
0.00935762 1.69303e-05 6.91031e-06
0.0107613 2.25298e-05 9.15912e-06
0.0123755 3.0022e-05 1.21165e-05
0.0142318 4.00209e-05 1.60675e-05
0.0163665 5.34618e-05 2.1276e-05
0.0188215 7.14991e-05 2.8232e-05
0.0216447 9.58861e-05 3.74106e-05
0.0248915 0.00012877 4.96389e-05
0.0286252 0.000173433 6.59369e-05
0.032919 0.000234335 8.76172e-05
0.0378568 0.000317856 0.000116541
0.0435353 0.000433162 0.000155219
0.0500656 0.000593423 0.000207154
0.0575755 0.000818742 0.000276956
0.0662118 0.00113885 0.000371482
0.0761435 0.00160049 0.000500363
0.0875651 0.00227815 0.000677666
0.1007 0.00329452 0.000925673
0.115805 0.00485757 0.00128198
0.133176 0.00733795 0.00181522
0.153152 0.0114133 0.00267739
0.176125 0.0183422 0.00429568
0.202543 0.0304472 0.00853793
0.232925 0.051641 0.0482544
0.267864 0.0871737 0.0972025
0.308043 0.141009 0.12495
0.35425 0.211795 0.476546
0.407387 0.292162 0.603279
0.468495 0.373116 0.66545
0.538769 0.448193 0.701922
0.619585 0.514459 0.729824
0.712522 0.571479 0.761791
0.819401 0.620046 0.813413
0.942311 0.661393 0.910062

0.001 1.69555e-05 1.5338e-05
0.00115 2.24459e-05 2.03004e-05
0.0013225 2.97379e-05 2.68978e-05
0.00152087 3.9183e-05 3.54594e-05
0.00174901 5.18508e-05 4.69124e-05
0.00201136 6.85338e-05 6.20324e-05
0.00231306 9.04472e-05 8.1877e-05
0.00266002 0.000119503 0.000108202
0.00305902 0.000158046 0.000143126
0.00351788 0.000208853 0.000189202
0.00404556 0.00027585 0.000249938
0.00465239 0.000364426 0.000330329
0.00535025 0.000480928 0.000436114
0.00615279 0.000634675 0.000575851
0.00707571 0.000837415 0.000760198
0.00813706 0.00110371 0.00100262
0.00935762 0.00145424 0.00132204
0.0107613 0.00191448 0.00174189
0.0123755 0.00251785 0.00229311
0.0142318 0.00330593 0.00301431
0.0163665 0.00433116 0.00395425
0.0188215 0.0056663 0.00518091
0.0216447 0.00739225 0.00677019
0.0248915 0.00960783 0.00881601
0.0286252 0.012433 0.0114327
0.032919 0.0160064 0.0147531
0.0378568 0.02048 0.0189248
0.0435353 0.0259946 0.0240866
0.0500656 0.032691 0.0303788
0.0575755 0.0406753 0.0379088
0.0662118 0.0499937 0.0467262
0.0761435 0.0606265 0.0568116
0.0875651 0.072465 0.068052
0.1007 0.0853027 0.0802282
0.115805 0.0988889 0.0930638
0.133176 0.112919 0.106219
0.153152 0.127086 0.119357
0.176125 0.141118 0.132222
0.202543 0.154798 0.144792
0.232925 0.167975 0.157654
0.267864 0.18057 0.172892
0.308043 0.192584 0.195388
0.35425 0.204082 0.232097
0.407387 0.215202 0.286559
0.468495 0.226157 0.354947
0.538769 0.237242 0.429957
0.619585 0.248846 0.505873
0.712522 0.261474 0.579744
0.819401 0.275729 0.650232
0.942311 0.29225 0.716665

0.001 2.46963e-06 2.52468e-06
0.00115 3.26766e-06 3.34208e-06
0.0013225 4.34289e-06 4.43864e-06
0.00152087 5.72362e-06 5.85147e-06
0.00174901 7.58904e-06 7.75408e-06
0.00201136 1.00636e-05 1.02802e-05
0.00231306 1.32497e-05 1.35455e-05
0.00266002 1.75181e-05 1.7906e-05
0.00305902 2.32255e-05 2.3737e-05
0.00351788 3.06622e-05 3.1334e-05
0.00404556 4.05107e-05 4.14084e-05
0.00465239 5.3714e-05 5.48897e-05
0.00535025 7.10638e-05 7.26093e-05
0.00615279 9.40805e-05 9.61083e-05
0.00707571 0.000124512 0.000127182
0.00813706 0.000164721 0.000168215
0.00935762 0.000218197 0.000222759
0.0107613 0.000288989 0.000294945
0.0123755 0.000382403 0.000390157
0.0142318 0.000506656 0.000516709
0.0163665 0.000670366 0.000683425
0.0188215 0.000887908 0.000904816
0.0216447 0.00117541 0.00119715
0.0248915 0.00155635 0.00158418
0.0286252 0.00206128 0.00209649
0.032919 0.0027302 0.00277428
0.0378568 0.0036116 0.00366647
0.0435353 0.00477521 0.00484263
0.0500656 0.00630536 0.00638664
0.0575755 0.00831722 0.00841259
0.0662118 0.0109462 0.0110546
0.0761435 0.0143627 0.0144799
0.0875651 0.0187723 0.0188896
0.1007 0.0244095 0.0245119
0.115805 0.0315181 0.0315829
0.133176 0.0403511 0.0403453
0.153152 0.05111 0.0509938
0.176125 0.0639301 0.0636586
0.202543 0.078806 0.0783419
0.232925 0.0955992 0.0949235
0.267864 0.114002 0.113135
0.308043 0.133598 0.132617
0.35425 0.153916 0.152973
0.407387 0.174498 0.173839
0.468495 0.194987 0.194978
0.538769 0.215159 0.216337
0.619585 0.234972 0.238131
0.712522 0.254574 0.260923
0.819401 0.27433 0.285726
0.942311 0.29481 0.314116

0.001 6.28873e-07 3.42067e-07
0.00115 8.2624e-07 4.48526e-07
0.0013225 1.10066e-06 5.99881e-07
0.00152087 1.44612e-06 7.85677e-07
0.00174901 1.91582e-06 1.04255e-06
0.00201136 2.56508e-06 1.39984e-06
0.00231306 3.37753e-06 1.8432e-06
0.00266002 4.45651e-06 2.43021e-06
0.00305902 5.93167e-06 3.2406e-06
0.00351788 7.75542e-06 4.2276e-06
0.00404556 1.02844e-05 5.61533e-06
0.00465239 1.36874e-05 7.48179e-06
0.00535025 1.81721e-05 9.94798e-06
0.00615279 2.40691e-05 1.31939e-05
0.00707571 3.18631e-05 1.74839e-05
0.00813706 4.23063e-05 2.32509e-05
0.00935762 5.59687e-05 3.08046e-05
0.0107613 7.44227e-05 4.10505e-05
0.0123755 9.89941e-05 5.47454e-05
0.0142318 0.00013126 7.27553e-05
0.0163665 0.000174625 9.71125e-05
0.0188215 0.000232585 0.000129809
0.0216447 0.000309756 0.000173578
0.0248915 0.000413186 0.000232625
0.0286252 0.000551652 0.000312262
0.032919 0.000737056 0.00041974
0.0378568 0.000987089 0.000566201
0.0435353 0.00132429 0.000765923
0.0500656 0.00177773 0.00103775
0.0575755 0.00239179 0.00141124
0.0662118 0.00322331 0.00192525
0.0761435 0.00435226 0.00263627
0.0875651 0.0058884 0.00362433
0.1007 0.0079718 0.00499662
0.115805 0.0108054 0.00691469
0.133176 0.0146406 0.00959113
0.153152 0.0198102 0.0133263
0.176125 0.0267023 0.0185032
0.202543 0.035761 0.0256091
0.232925 0.0474142 0.035199
0.267864 0.0619764 0.047825
0.308043 0.0795098 0.0638979
0.35425 0.0997271 0.0835388
0.407387 0.121941 0.106428
0.468495 0.14523 0.131871
0.538769 0.168629 0.158946
0.619585 0.191372 0.186818
0.712522 0.213032 0.215017
0.819401 0.233538 0.24367
0.942311 0.25313 0.273756

0.001 9.4051e-06 9.5116e-06
0.00115 1.25342e-05 1.26622e-05
0.0013225 1.65567e-05 1.67251e-05
0.00152087 2.17769e-05 2.20115e-05
0.00174901 2.89016e-05 2.91983e-05
0.00201136 3.80548e-05 3.84524e-05
0.00231306 5.01871e-05 5.07236e-05
0.00266002 6.6271e-05 6.69744e-05
0.00305902 8.76255e-05 8.8538e-05
0.00351788 0.000115673 0.00011688
0.00404556 0.000152474 0.000154053
0.00465239 0.000200976 0.000203065
0.00535025 0.000264992 0.000267707
0.00615279 0.00034893 0.00035248
0.00707571 0.000459421 0.00046402
0.00813706 0.000604472 0.000610423
0.00935762 0.000794293 0.000801982
0.0107613 0.00104204 0.00105181
0.0123755 0.00136594 0.00137818
0.0142318 0.00178661 0.00180175
0.0163665 0.00233239 0.00235047
0.0188215 0.00303904 0.0030596
0.0216447 0.00394669 0.00396844
0.0248915 0.00510872 0.00512787
0.0286252 0.00658474 0.00659375
0.032919 0.00844659 0.00843045
0.0378568 0.0107677 0.0106992
0.0435353 0.0136303 0.0134598
0.0500656 0.0171123 0.0167524
0.0575755 0.0212772 0.0205762
0.0662118 0.0261642 0.0248636
0.0761435 0.0317766 0.0294387
0.0875651 0.0380635 0.0339571
0.1007 0.0449166 0.0378427
0.115805 0.0521796 0.0402714
0.133176 0.0596509 0.0405237
0.153152 0.0671551 0.0401869
0.176125 0.0746674 0.048935
0.202543 0.0825919 0.0822158
0.232925 0.0923976 0.137968
0.267864 0.107615 0.196918
0.308043 0.134258 0.245411
0.35425 0.177941 0.280006
0.407387 0.238209 0.302634
0.468495 0.307635 0.316866
0.538769 0.377359 0.326004
0.619585 0.441578 0.332526
0.712522 0.497957 0.338248
0.819401 0.546393 0.344684
0.942311 0.587808 0.353466

0.001 1.72174e-06 1.37562e-06
0.00115 2.28643e-06 1.82967e-06
0.0013225 3.01419e-06 2.41043e-06
0.00152087 3.97291e-06 3.17606e-06
0.00174901 5.25581e-06 4.2047e-06
0.00201136 6.91571e-06 5.52794e-06
0.00231306 9.14762e-06 7.3133e-06
0.00266002 1.21099e-05 9.68492e-06
0.00305902 1.60155e-05 1.28042e-05
0.00351788 2.1236e-05 1.6982e-05
0.00404556 2.80565e-05 2.24293e-05
0.00465239 3.70775e-05 2.96404e-05
0.00535025 4.89881e-05 3.91596e-05
0.00615279 6.48499e-05 5.18392e-05
0.00707571 8.5838e-05 6.86323e-05
0.00813706 0.000113529 9.07544e-05
0.00935762 0.000150407 0.000120222
0.0107613 0.000199009 0.000159042
0.0123755 0.000263236 0.000210335
0.0142318 0.000348548 0.000278524
0.0163665 0.000461502 0.000368706
0.0188215 0.000611282 0.000488334
0.0216447 0.000808977 0.000646174
0.0248915 0.00107106 0.000855415
0.0286252 0.00141898 0.00113319
0.032919 0.00188001 0.0015012
0.0378568 0.00248741 0.00198611
0.0435353 0.00329106 0.00262781
0.0500656 0.00435228 0.0034753
0.0575755 0.00575353 0.00459495
0.0662118 0.00759995 0.00607164
0.0761435 0.0100211 0.00801017
0.0875651 0.0131829 0.0105464
0.1007 0.0172897 0.0138487
0.115805 0.0225871 0.018123
0.133176 0.0293463 0.0236023
0.153152 0.0378643 0.0305493
0.176125 0.0484213 0.0392272
0.202543 0.0612448 0.0498725
0.232925 0.0764525 0.0626504
0.267864 0.0939982 0.0776051
0.308043 0.113641 0.0946251
0.35425 0.134954 0.113429
0.407387 0.157362 0.133581
0.468495 0.180244 0.154561
0.538769 0.203013 0.175839
0.619585 0.225196 0.196954
0.712522 0.246474 0.217596
0.819401 0.266688 0.237645
0.942311 0.285812 0.257183

0.001 1.95056e-06 1.27743e-06
0.00115 2.6039e-06 1.71052e-06
0.0013225 3.46851e-06 2.28443e-06
0.00152087 4.54903e-06 2.9944e-06
0.00174901 6.04655e-06 3.98677e-06
0.00201136 7.9926e-06 5.27001e-06
0.00231306 1.05235e-05 6.94572e-06
0.00266002 1.39271e-05 9.20206e-06
0.00305902 1.84529e-05 1.22164e-05
0.00351788 2.43953e-05 1.61676e-05
0.00404556 3.21378e-05 2.13406e-05
0.00465239 4.25251e-05 2.82928e-05
0.00535025 5.6269e-05 3.75327e-05
0.00615279 7.42013e-05 4.95989e-05
0.00707571 9.83765e-05 6.5997e-05
0.00813706 0.00012978 8.73637e-05
0.00935762 0.000171506 0.000115899
0.0107613 0.000226905 0.000154067
0.0123755 0.000299775 0.000204611
0.0142318 0.000396148 0.000271972
0.0163665 0.000523175 0.000361567
0.0188215 0.000690369 0.000480695
0.0216447 0.000911158 0.000639803
0.0248915 0.00120188 0.000851975
0.0286252 0.00158401 0.0011347
0.032919 0.00208568 0.00151173
0.0378568 0.00274411 0.00201506
0.0435353 0.00360439 0.00268509
0.0500656 0.0047256 0.00357632
0.0575755 0.00617937 0.00475765
0.0662118 0.00805557 0.00631906
0.0761435 0.0104595 0.00837164
0.0875651 0.0135163 0.0110537
0.1007 0.0173573 0.0145228
0.115805 0.0221192 0.0189567
0.133176 0.0279358 0.0245475
0.153152 0.0349043 0.0314713
0.176125 0.0430687 0.0398651
0.202543 0.0524047 0.0498074
0.232925 0.0627891 0.0612745
0.267864 0.0740191 0.0741477
0.308043 0.0858219 0.0882177
0.35425 0.0978655 0.103189
0.407387 0.109811 0.118745
0.468495 0.12133 0.134569
0.538769 0.132114 0.150377
0.619585 0.141853 0.165898
0.712522 0.150185 0.180831
0.819401 0.156549 0.194679
0.942311 0.159853 0.206363

0.001 2.502e-05 2.16021e-05
0.00115 3.30005e-05 2.85042e-05
0.0013225 4.36625e-05 3.77212e-05
0.00152087 5.75783e-05 4.97643e-05
0.00174901 7.62058e-05 6.5885e-05
0.00201136 0.000100757 8.71404e-05
0.00231306 0.000133057 0.000115135
0.00266002 0.000175902 0.000152255
0.00305902 0.000232883 0.000201701
0.00351788 0.00030733 0.000266348
0.00404556 0.000406321 0.000352388
0.00465239 0.000537092 0.000466216
0.00535025 0.00070807 0.000615283
0.00615279 0.000934911 0.000813258
0.00707571 0.00123444 0.00107527
0.00813706 0.00162767 0.00142003
0.00935762 0.00214467 0.00187431
0.0107613 0.00282225 0.0024715
0.0123755 0.00370975 0.00325635
0.0142318 0.00486778 0.00428436
0.0163665 0.00637356 0.0056269
0.0188215 0.00832211 0.00737351
0.0216447 0.0108306 0.00963479
0.0248915 0.0140318 0.0125403
0.0286252 0.0180791 0.0162418
0.032919 0.0231376 0.0209081
0.0378568 0.0293654 0.0267089
0.0435353 0.0369075 0.0338092
0.0500656 0.0458532 0.0423295
0.0575755 0.0562268 0.0523344
0.0662118 0.0679586 0.0638008
0.0761435 0.0808709 0.0765964
0.0875651 0.094702 0.0904987
0.1007 0.109111 0.105194
0.115805 0.12374 0.120335
0.133176 0.13823 0.135563
0.153152 0.152277 0.150567
0.176125 0.165644 0.165105
0.202543 0.178166 0.179025
0.232925 0.189751 0.192272
0.267864 0.20037 0.204899
0.308043 0.210041 0.217078
0.35425 0.218825 0.229133
0.407387 0.226808 0.241574
0.468495 0.234095 0.255156
0.538769 0.240808 0.27086
0.619585 0.247076 0.289632
0.712522 0.253039 0.31173
0.819401 0.258847 0.336256
0.942311 0.264658 0.362229

0.001 1.56965e-05 1.29059e-05
0.00115 2.06119e-05 1.69499e-05
0.0013225 2.73865e-05 2.25201e-05
0.00152087 3.61434e-05 2.97331e-05
0.00174901 4.76943e-05 3.92298e-05
0.00201136 6.31012e-05 5.19129e-05
0.00231306 8.32355e-05 6.84854e-05
0.00266002 0.000110183 9.06694e-05
0.00305902 0.000145576 0.000119838
0.00351788 0.000192071 0.000158142
0.00404556 0.000253708 0.000208964
0.00465239 0.000334996 0.000276002
0.00535025 0.000442154 0.000364428
0.00615279 0.000582946 0.000480669
0.00707571 0.000768677 0.000634154
0.00813706 0.00101224 0.000835507
0.00935762 0.00133184 0.00110006
0.0107613 0.0017516 0.00144791
0.0123755 0.00230181 0.00190437
0.0142318 0.00301825 0.00249969
0.0163665 0.00395154 0.00327649
0.0188215 0.00516128 0.00428543
0.0216447 0.00672235 0.00559016
0.0248915 0.00872602 0.00726931
0.0286252 0.0112827 0.00941808
0.032919 0.0145113 0.0121404
0.0378568 0.0185493 0.0155578
0.0435353 0.0235372 0.0197956
0.0500656 0.029606 0.0249728
0.0575755 0.0368686 0.0311943
0.0662118 0.045384 0.0385176
0.0761435 0.0551646 0.0469556
0.0875651 0.0661349 0.0564385
0.1007 0.0781502 0.0668238
0.115805 0.090992 0.0778917
0.133176 0.104405 0.0893786
0.153152 0.118105 0.101007
0.176125 0.131838 0.112597
0.202543 0.145385 0.124257
0.232925 0.158582 0.136904
0.267864 0.171337 0.153414
0.308043 0.183617 0.179824
0.35425 0.195456 0.223206
0.407387 0.206936 0.284567
0.468495 0.218186 0.356847
0.538769 0.229365 0.431652
0.619585 0.240654 0.504214
0.712522 0.252237 0.573119
0.819401 0.264282 0.638377
0.942311 0.27691 0.699995

