 -8.70748354e-02
 -2.94087147e-02
 -7.08144046e-02
 -5.77424895e-02
 -1.36541218e-01
 -1.37344188e-01
 -8.97930912e-02
 -4.52180158e-02
 -7.58034895e-02
 -6.07551183e-02
 -1.06813562e-01
 -8.02064956e-02
 -7.91373355e-02
 -6.71415872e-02
 -1.01544795e-01
 -7.12667332e-02
 -7.93467962e-02
 -1.13897674e-01
 -1.19117907e-01
 -5.90148947e-02
 -8.77160247e-02
 -1.36380459e-01
 -1.23651302e-01
 -7.35850925e-02
 -1.00955274e-01
 -1.19749213e-01
 -1.12855752e-01
 -6.26047512e-02
 -1.26932504e-01
 -8.44254136e-02
 -1.06515442e-01
 -9.76770219e-02
 -8.10533181e-02
 -1.47104648e-01
 -7.61649888e-02
 -7.98226597e-02
 -1.16311170e-01
 -9.97868781e-02
 -1.04474049e-01
 -1.13990052e-01
 -1.17920152e-01
 -1.00486561e-01
 -7.94227218e-02
 -1.02536866e-01
 -6.30415691e-02
 -3.61439502e-02
 -7.28782105e-02
 -8.88871231e-02
 -8.19159405e-02
 -8.68712621e-02
 -1.08223580e-01
 -8.74557453e-02
 -8.64752529e-02
 -6.63354624e-02
 -1.19570671e-01
 -1.16503051e-01
 -9.26987763e-02
 -1.46446783e-01
 -8.63159557e-02
 -1.41533045e-01
 -1.45502523e-01
 -7.84371673e-02
 -1.19514371e-01
 -1.04878946e-01
 -4.66733681e-02
 -5.27655374e-02
 -5.77202434e-02
 -8.56946903e-02
 -1.11263331e-01
 -1.08128206e-01
 -9.78865615e-02
 -1.05611477e-01
 -1.22456028e-01
 -1.10508269e-01
 -6.88766137e-02
 -5.68679906e-02
 -1.13584157e-01
 -1.18386540e-01
 -6.40207725e-02
 -8.46897046e-02
 -6.68749933e-02
 -1.49589540e-01
 -1.20996926e-01
 -1.35211032e-01
 -9.62501249e-02
 -7.23739522e-02
 -8.91239689e-02
 -8.01830594e-02
 -8.26015981e-02
 -1.06338371e-01
 -2.35718052e-01
 -7.03985131e-02
 -8.04900131e-02
 -1.23213822e-01
 -6.72698150e-02
 -6.41192590e-02
 -8.93163453e-02
 -1.06683007e-01
 -1.19957743e-01
 -1.30957426e-01
