 -2.04980466e-02
 2.49436390e-02
 1.33958999e-02
 4.52564291e-02
 1.98721919e-01
 -1.36292541e-02
 8.62141419e-02
 -1.68514195e-02
 8.11865256e-02
 5.71263130e-02
 -1.26727803e-01
 -1.37012171e-01
 -1.16784409e-01
 8.02408872e-02
 -2.11347825e-01
 1.27013380e-01
 -1.52264458e-01
 -8.48530814e-02
 -8.30905097e-02
 -4.94629490e-02
 9.40050456e-02
 7.69778355e-02
 3.28904365e-02
 2.04263540e-03
 -2.28867541e-02
 -1.29156133e-01
 -1.51205141e-01
 -1.23612473e-02
 -4.46608651e-02
 -2.88658863e-02
 -7.37643442e-03
 9.88215207e-02
 1.49465682e-01
 -1.07753639e-01
 5.89227081e-02
 1.06308910e-01
 1.13427432e-01
 1.99547406e-02
 1.83595534e-02
 5.65054786e-02
 -2.42167255e-01
 -5.56350127e-03
 1.02081472e-02
 -2.09813103e-02
 4.29146458e-02
 1.09517726e-02
 -1.11129872e-01
 2.06125894e-01
 2.09004266e-03
 4.55646369e-03
 5.18770404e-02
 1.01657903e-01
 -1.18197598e-01
 -9.65253008e-02
 9.90079940e-02
 6.68186993e-02
 4.43810677e-02
 5.95349686e-02
 -1.61800157e-01
 1.52166755e-02
 -5.81536747e-02
 4.08014334e-02
 -1.93098195e-01
 7.80979373e-02
 4.06003568e-02
 -9.37545950e-02
 -9.11330629e-02
 -8.86792572e-02
 -1.84351305e-01
 4.90458346e-02
 -1.16408420e-02
 6.60239411e-02
 8.24504086e-03
 7.75287412e-02
 -9.44874694e-02
 -4.29981089e-02
 7.00919113e-02
 -9.70107847e-02
 9.80251911e-03
 1.00307599e-01
 -1.62715256e-02
 1.88102297e-01
 -5.26553019e-02
 -2.20294688e-01
 1.28070687e-01
 -2.11902410e-02
 -1.07172790e-01
 1.17861230e-01
 -7.28058124e-02
 -1.69537340e-01
 2.14815181e-01
 -3.29774506e-02
 1.27885914e-01
 9.08216692e-02
 7.24898577e-02
 2.93351520e-02
 -1.09692189e-02
 9.43906841e-02
 1.80402751e-01
 -1.06019072e-01
