0.001 1.5857e-08 3.59151e-07
0.001 1.18163e-08 3.37709e-07
0.001 1.57306e-08 3.59519e-07
0.001 1.48717e-08 8.96979e-08
0.001 1.49272e-08 3.80595e-07
0.001 1.46899e-08 3.13099e-07
0.001 1.63404e-08 2.67871e-07
0.001 1.24967e-08 3.08804e-07
0.001 1.92439e-08 3.88745e-07
0.001 1.76559e-08 2.53453e-07
0.001 1.24868e-08 2.51844e-07
0.001 1.28453e-08 2.36468e-07
0.001 1.2164e-08 2.48623e-07
0.001 1.70721e-08 3.18144e-07
0.001 1.41937e-08 1.32617e-07
0.001 1.40196e-08 2.59021e-07
0.001 1.64019e-08 1.62239e-07
0.001 1.11801e-08 3.4402e-07
0.001 1.35906e-08 1.05926e-07
0.001 1.67319e-08 2.21974e-07
0.001 9.11518e-09 3.90046e-07
0.001 1.23883e-08 3.68409e-07
0.001 1.28641e-08 1.9467e-07
0.001 1.47876e-08 4.81738e-07
0.001 1.02345e-08 9.04926e-08
0.001 1.55765e-08 2.00895e-07
0.001 1.46235e-08 3.43612e-07
0.001 1.20594e-08 1.63503e-07
0.001 1.34669e-08 2.04332e-07
0.001 2.14093e-08 1.58023e-07
0.001 1.47399e-08 1.68093e-07
0.001 1.33113e-08 2.10824e-07
0.001 1.59581e-08 2.25765e-07
0.001 1.06241e-08 2.05246e-07
0.001 9.53375e-09 2.14033e-07
0.001 1.16816e-08 1.81762e-07
0.001 1.2624e-08 1.14151e-07
0.001 1.5868e-08 1.31877e-07
0.001 1.52168e-08 1.27938e-07
0.001 1.84812e-08 2.20514e-07
0.001 1.43468e-08 1.98347e-07
0.001 9.91917e-09 2.57783e-07
0.001 1.49155e-08 3.13149e-07
0.001 1.40036e-08 7.38171e-07
0.001 1.08989e-08 2.12942e-07
0.001 1.25806e-08 2.05023e-07
0.001 1.65006e-08 4.14523e-07
0.001 1.04154e-08 9.83244e-08
0.001 1.80394e-08 2.17428e-07
0.001 1.6246e-08 2.46076e-07
0.001 1.46418e-08 3.16584e-07
0.001 1.11909e-08 2.9959e-07
0.001 1.26149e-08 1.22416e-07
0.001 2.23688e-08 1.63132e-07
0.001 1.46389e-08 1.17475e-07
0.001 1.54133e-08 3.06804e-07
0.001 1.06262e-08 2.97787e-07
0.001 1.40046e-08 1.25456e-07
0.001 1.52462e-08 2.69833e-07
0.001 1.27358e-08 2.98495e-07
0.001 1.6283e-08 2.2474e-07
0.001 2.33387e-08 2.16759e-07
0.001 1.3757e-08 5.69036e-07
0.001 1.62821e-08 2.19967e-07
0.001 1.2333e-08 1.61703e-07
0.001 1.41359e-08 1.15064e-07
0.001 1.19084e-08 3.5236e-07
0.001 1.43078e-08 1.8696e-07
0.001 1.1025e-08 4.70204e-07
0.001 1.59518e-08 2.64386e-07
0.001 1.33524e-08 2.67559e-07
0.001 1.28473e-08 4.46056e-07
0.001 1.71575e-08 1.24341e-07
0.001 1.23184e-08 1.90702e-07
0.001 1.58023e-08 4.83331e-07
0.001 8.86921e-09 3.93627e-07
0.001 1.26897e-08 2.14465e-07
0.001 1.3218e-08 3.03942e-07
0.001 1.26563e-08 2.9835e-07
0.001 1.19409e-08 1.75714e-07
0.001 1.70717e-08 2.94905e-07
0.001 1.04731e-08 1.72002e-07
0.001 1.60207e-08 2.74601e-07
0.001 1.07628e-08 1.12702e-07
0.001 2.09516e-08 3.08685e-07
0.001 1.42531e-08 5.98008e-07
0.001 1.09508e-08 2.20851e-07
0.001 1.03751e-08 2.20261e-07
0.001 1.44246e-08 4.20943e-07
0.001 1.32454e-08 1.91959e-07
0.001 1.97459e-08 2.9919e-07
0.001 1.24285e-08 5.11253e-07
0.001 1.69529e-08 3.13719e-07
0.001 1.27005e-08 2.98832e-07
0.001 1.7251e-08 3.58256e-07
0.001 1.26945e-08 1.65326e-07
0.001 1.37799e-08 2.44925e-07
0.001 1.58938e-08 4.16213e-07
0.001 1.79762e-08 3.03643e-07
0.001 1.11654e-08 1.61738e-07
0.00115 1.84201e-08 3.75682e-07
0.00115 1.55287e-08 4.8098e-07
0.00115 2.13633e-08 8.0515e-07
0.00115 2.05654e-08 4.55313e-07
0.00115 2.41743e-08 6.55576e-07
0.00115 1.74164e-08 2.48809e-07
0.00115 1.35434e-08 6.20782e-07
0.00115 2.02424e-08 2.05383e-07
0.00115 1.60252e-08 3.40904e-07
0.00115 2.45908e-08 3.01228e-07
0.00115 2.00136e-08 2.9929e-07
0.00115 2.26222e-08 5.63744e-07
0.00115 2.46436e-08 1.5704e-07
0.00115 2.68317e-08 2.49002e-07
0.00115 1.81298e-08 5.29307e-07
0.00115 2.496e-08 6.11744e-07
0.00115 1.9728e-08 3.4305e-07
0.00115 1.2706e-08 3.00195e-07
0.00115 1.98737e-08 3.3459e-07
0.00115 1.82563e-08 3.30882e-07
0.00115 1.73906e-08 3.41287e-07
0.00115 1.40945e-08 2.22784e-07
0.00115 2.28877e-08 2.80362e-07
0.00115 2.0154e-08 5.7386e-07
0.00115 1.60011e-08 2.14382e-07
0.00115 2.03977e-08 2.41124e-07
0.00115 2.43873e-08 3.90067e-07
0.00115 2.12902e-08 3.26178e-07
0.00115 2.52489e-08 5.37846e-07
0.00115 1.56997e-08 3.4777e-07
0.00115 1.6044e-08 4.88053e-07
0.00115 2.17533e-08 3.32281e-07
0.00115 1.38625e-08 2.54404e-07
0.00115 2.0918e-08 1.45466e-06
0.00115 2.28542e-08 4.20357e-07
0.00115 2.31845e-08 1.78749e-07
0.00115 1.91611e-08 7.62073e-07
0.00115 1.63348e-08 4.04767e-07
0.00115 2.33021e-08 3.07066e-07
0.00115 1.96029e-08 2.50219e-07
0.00115 1.94762e-08 4.84806e-07
0.00115 2.19891e-08 2.67561e-07
0.00115 1.64847e-08 3.57519e-07
0.00115 2.25432e-08 2.4725e-07
0.00115 1.6609e-08 3.17241e-07
0.00115 1.43835e-08 4.74426e-07
0.00115 2.09967e-08 3.80589e-07
0.00115 1.96986e-08 4.91468e-07
0.00115 2.44759e-08 5.29441e-07
0.00115 2.56444e-08 1.68041e-07
0.00115 2.04733e-08 3.58998e-07
0.00115 2.06181e-08 1.82386e-07
0.00115 1.38376e-08 4.8466e-07
0.00115 1.96394e-08 3.92477e-07
0.00115 1.61269e-08 5.73181e-07
0.00115 1.85949e-08 2.31179e-07
0.00115 1.71102e-08 2.66702e-07
0.00115 1.7661e-08 4.88284e-07
0.00115 2.6123e-08 5.45155e-07
0.00115 2.54728e-08 3.80249e-07
0.00115 1.78821e-08 4.66103e-07
0.00115 1.43447e-08 3.01741e-07
0.00115 2.01744e-08 4.27115e-07
0.00115 1.6677e-08 1.93129e-07
0.00115 1.72791e-08 5.11425e-07
0.00115 1.63077e-08 2.9339e-07
0.00115 1.90308e-08 3.56988e-07
0.00115 1.98098e-08 2.86351e-07
0.00115 1.58686e-08 7.66965e-07
0.00115 1.94703e-08 3.33299e-07
0.00115 1.88267e-08 3.31735e-07
0.00115 1.62957e-08 2.96499e-07
0.00115 2.17401e-08 2.81861e-07
0.00115 1.40586e-08 2.5763e-07
0.00115 1.60155e-08 3.08512e-07
0.00115 1.86081e-08 2.83008e-07
0.00115 2.76343e-08 4.67972e-07
0.00115 1.67048e-08 2.58969e-07
0.00115 2.14035e-08 4.36623e-07
0.00115 1.70271e-08 2.23124e-07
0.00115 2.12905e-08 2.89017e-07
0.00115 3.21147e-08 4.20736e-07
0.00115 2.04184e-08 3.35292e-07
0.00115 2.37142e-08 3.43014e-07
0.00115 2.0905e-08 7.028e-07
0.00115 1.68249e-08 2.7718e-07
0.00115 1.53255e-08 2.99334e-07
0.00115 1.71313e-08 2.09431e-07
0.00115 1.82183e-08 5.95075e-07
0.00115 2.55054e-08 3.19281e-07
0.00115 2.46528e-08 3.05147e-07
0.00115 2.19186e-08 7.00107e-07
0.00115 2.01039e-08 3.96341e-07
0.00115 2.04969e-08 4.66101e-07
0.00115 2.06834e-08 2.42878e-07
0.00115 2.64431e-08 5.62902e-07
0.00115 1.69126e-08 3.62572e-07
0.00115 2.52167e-08 9.327e-07
0.00115 1.69816e-08 6.71677e-07
0.00115 1.32806e-08 2.05575e-07
0.0013225 2.9244e-08 4.92828e-07
0.0013225 2.05593e-08 1.69545e-07
0.0013225 2.11583e-08 2.95654e-07
0.0013225 2.54889e-08 8.72838e-07
0.0013225 2.888e-08 2.62672e-07
0.0013225 1.73218e-08 1.88293e-07
0.0013225 1.68864e-08 5.76318e-07
0.0013225 2.30335e-08 3.74285e-07
0.0013225 2.58414e-08 5.12892e-07
0.0013225 2.67327e-08 4.07532e-07
0.0013225 3.02223e-08 1.76943e-06
0.0013225 3.03525e-08 2.48439e-07
0.0013225 3.05028e-08 6.22244e-07
0.0013225 2.46949e-08 4.61171e-07
0.0013225 3.11533e-08 3.02953e-07
0.0013225 3.2645e-08 7.07089e-07
0.0013225 2.42458e-08 8.00406e-07
0.0013225 3.21427e-08 5.96726e-07
0.0013225 2.19595e-08 6.80327e-07
0.0013225 2.54046e-08 2.67173e-07
0.0013225 1.99378e-08 8.04057e-07
0.0013225 1.64969e-08 3.18863e-07
0.0013225 3.08572e-08 1.43761e-06
0.0013225 2.33579e-08 5.13707e-07
0.0013225 2.60026e-08 3.40813e-07
0.0013225 2.33789e-08 2.59671e-07
0.0013225 2.47243e-08 1.54868e-07
0.0013225 2.00877e-08 2.73575e-07
0.0013225 3.18013e-08 4.71737e-07
0.0013225 2.7061e-08 8.11512e-07
0.0013225 1.97418e-08 3.91963e-07
0.0013225 3.3699e-08 3.59903e-07
0.0013225 2.30305e-08 7.38065e-07
0.0013225 1.96929e-08 8.9558e-07
0.0013225 3.26107e-08 2.67186e-07
0.0013225 2.43715e-08 2.55937e-07
0.0013225 2.05757e-08 2.03915e-07
0.0013225 3.48896e-08 5.18713e-07
0.0013225 2.52845e-08 3.35679e-07
0.0013225 2.7099e-08 2.71143e-07
0.0013225 2.75894e-08 4.72326e-07
0.0013225 2.59216e-08 9.90479e-07
0.0013225 2.90225e-08 3.30692e-07
0.0013225 1.74688e-08 5.25672e-07
0.0013225 3.06676e-08 4.66123e-07
0.0013225 2.02751e-08 4.71463e-07
0.0013225 3.71249e-08 1.19351e-06
0.0013225 2.54274e-08 5.59108e-07
0.0013225 1.95611e-08 2.68046e-07
0.0013225 2.23636e-08 3.29362e-07
0.0013225 1.93693e-08 4.26609e-07
0.0013225 2.41202e-08 3.44649e-07
0.0013225 3.30648e-08 3.80131e-07
0.0013225 2.84378e-08 6.2231e-07
0.0013225 2.43374e-08 2.36212e-07
0.0013225 2.35377e-08 5.19305e-07
0.0013225 2.47532e-08 5.71632e-07
0.0013225 2.32616e-08 6.13788e-07
0.0013225 2.08519e-08 3.87103e-07
0.0013225 3.3689e-08 9.92555e-07
0.0013225 2.21718e-08 3.14047e-07
0.0013225 2.8303e-08 5.64347e-07
0.0013225 2.08629e-08 3.78825e-07
0.0013225 1.93452e-08 7.98897e-07
0.0013225 3.68336e-08 2.94636e-07
0.0013225 3.26755e-08 4.09832e-07
0.0013225 2.21061e-08 2.34829e-07
0.0013225 2.32825e-08 1.45206e-06
0.0013225 2.22999e-08 1.52265e-07
0.0013225 3.28845e-08 3.7212e-07
0.0013225 1.89608e-08 5.18409e-07
0.0013225 2.13266e-08 2.57506e-07
0.0013225 2.93499e-08 4.65137e-07
0.0013225 2.20689e-08 5.82149e-07
0.0013225 2.9069e-08 3.47533e-07
0.0013225 2.55518e-08 4.74575e-07
0.0013225 1.9388e-08 3.5925e-07
0.0013225 2.27934e-08 3.29033e-07
0.0013225 1.24705e-08 1.68956e-07
0.0013225 3.19575e-08 6.86259e-07
0.0013225 3.16694e-08 4.36351e-07
0.0013225 1.896e-08 2.07322e-07
0.0013225 2.36561e-08 5.76845e-07
0.0013225 3.66244e-08 3.56629e-07
0.0013225 2.96263e-08 3.67169e-07
0.0013225 2.13482e-08 7.66476e-07
0.0013225 2.64096e-08 6.12243e-07
0.0013225 2.60673e-08 7.96297e-07
0.0013225 2.23241e-08 4.57003e-07
0.0013225 2.58828e-08 5.076e-07
0.0013225 2.8299e-08 6.36486e-07
0.0013225 3.39387e-08 4.37222e-07
0.0013225 3.16162e-08 7.56831e-07
0.0013225 2.53809e-08 4.16439e-07
0.0013225 2.32472e-08 3.16613e-07
0.0013225 2.84311e-08 9.66848e-07
0.0013225 2.67467e-08 5.09053e-07
0.0013225 2.18062e-08 2.86698e-07
0.0013225 3.23555e-08 2.83492e-07
0.0013225 2.37227e-08 2.30016e-07
0.00152087 3.20453e-08 4.68999e-07
0.00152087 3.35807e-08 6.14387e-07
0.00152087 3.6942e-08 8.19644e-07
0.00152087 3.15503e-08 7.157e-07
0.00152087 2.2295e-08 3.83533e-07
0.00152087 4.29364e-08 8.7621e-07
0.00152087 2.71003e-08 3.76459e-07
0.00152087 5.86607e-08 7.10178e-07
0.00152087 2.81399e-08 4.07488e-07
0.00152087 2.73707e-08 2.07164e-06
0.00152087 2.42192e-08 6.96375e-07
0.00152087 3.22078e-08 2.77229e-07
0.00152087 2.66569e-08 6.05543e-07
0.00152087 2.36986e-08 9.2089e-07
0.00152087 4.19825e-08 8.23436e-07
0.00152087 3.38828e-08 6.42374e-07
0.00152087 3.90556e-08 3.44651e-07
0.00152087 2.46934e-08 5.30312e-07
0.00152087 2.58744e-08 3.92093e-07
0.00152087 3.72242e-08 6.56638e-07
0.00152087 3.55397e-08 3.67863e-07
0.00152087 3.84992e-08 6.61262e-07
0.00152087 3.19294e-08 5.94151e-07
0.00152087 2.46754e-08 5.21605e-07
0.00152087 2.86506e-08 6.48751e-07
0.00152087 4.45651e-08 5.90407e-07
0.00152087 3.33196e-08 7.46213e-07
0.00152087 2.05363e-08 6.91049e-07
0.00152087 4.14025e-08 3.89043e-07
0.00152087 2.99259e-08 1.06628e-06
0.00152087 3.57414e-08 3.68511e-07
0.00152087 2.70134e-08 7.57121e-07
0.00152087 3.61507e-08 2.5348e-07
0.00152087 3.03283e-08 4.40119e-07
0.00152087 3.09908e-08 5.20631e-07
0.00152087 2.9119e-08 5.56056e-07
0.00152087 3.40192e-08 8.36446e-07
0.00152087 3.21687e-08 1.28904e-06
0.00152087 3.85045e-08 3.43364e-07
0.00152087 3.49138e-08 5.15685e-07
0.00152087 3.26888e-08 5.67149e-07
0.00152087 3.75426e-08 8.3004e-07
0.00152087 3.85179e-08 1.09469e-06
0.00152087 2.52482e-08 7.71122e-07
0.00152087 3.21223e-08 3.1962e-07
0.00152087 3.95613e-08 1.40477e-06
0.00152087 2.94846e-08 6.12047e-07
0.00152087 3.84325e-08 4.00921e-07
0.00152087 3.9317e-08 3.42398e-07
0.00152087 2.92792e-08 3.43686e-07
0.00152087 3.95621e-08 1.1927e-06
0.00152087 4.84925e-08 4.83904e-07
0.00152087 2.64569e-08 8.51085e-07
0.00152087 3.02869e-08 3.2576e-07
0.00152087 3.97234e-08 5.68358e-07
0.00152087 2.9579e-08 3.45949e-07
0.00152087 3.17951e-08 1.01427e-06
0.00152087 3.63605e-08 3.71671e-07
0.00152087 3.7335e-08 3.58499e-07
0.00152087 4.80329e-08 8.21282e-07
0.00152087 3.42161e-08 3.64389e-07
0.00152087 3.31963e-08 1.04242e-06
0.00152087 5.57875e-08 4.10677e-07
0.00152087 3.10922e-08 4.39369e-07
0.00152087 2.68501e-08 6.61891e-07
0.00152087 3.68824e-08 7.31349e-07
0.00152087 2.95071e-08 6.76847e-07
0.00152087 2.93491e-08 9.21822e-07
0.00152087 4.10379e-08 4.61572e-07
0.00152087 4.54937e-08 2.93602e-07
0.00152087 2.47939e-08 6.20515e-07
0.00152087 3.34054e-08 6.67512e-07
0.00152087 3.71084e-08 4.07075e-07
0.00152087 2.68444e-08 3.87355e-07
0.00152087 4.14385e-08 2.03709e-07
0.00152087 4.41496e-08 4.40909e-07
0.00152087 3.15134e-08 2.51421e-07
0.00152087 4.03766e-08 8.66088e-07
0.00152087 3.48878e-08 1.55722e-06
0.00152087 3.51987e-08 2.94839e-07
0.00152087 2.6592e-08 6.01907e-07
0.00152087 3.46583e-08 6.72981e-07
0.00152087 3.19949e-08 6.10368e-07
0.00152087 4.38875e-08 3.05433e-07
0.00152087 3.4886e-08 3.08191e-07
0.00152087 3.9269e-08 6.08701e-07
0.00152087 2.59079e-08 1.15146e-06
0.00152087 3.15192e-08 1.42866e-06
0.00152087 2.98559e-08 2.46185e-07
0.00152087 3.37423e-08 2.87839e-07
0.00152087 3.31573e-08 5.18028e-07
0.00152087 5.07701e-08 4.59556e-07
0.00152087 3.13868e-08 2.78375e-07
0.00152087 2.90901e-08 7.61825e-07
0.00152087 3.49152e-08 4.08739e-07
0.00152087 5.05484e-08 7.59542e-07
0.00152087 4.02488e-08 5.87716e-07
0.00152087 3.69025e-08 6.81938e-07
0.00152087 3.58319e-08 7.65983e-07
0.00152087 3.47304e-08 1.47995e-06
0.00174901 4.94751e-08 9.98448e-07
0.00174901 4.2091e-08 1.06177e-06
0.00174901 4.45448e-08 1.73707e-06
0.00174901 4.21002e-08 7.32531e-07
0.00174901 4.50026e-08 1.02111e-06
0.00174901 4.97076e-08 1.85414e-06
0.00174901 5.09101e-08 5.38611e-07
0.00174901 5.32053e-08 1.67674e-06
0.00174901 4.41728e-08 5.43882e-07
0.00174901 4.80163e-08 4.72158e-07
0.00174901 7.87483e-08 9.20043e-07
0.00174901 2.82579e-08 8.99422e-07
0.00174901 3.75286e-08 8.02709e-07
0.00174901 4.66432e-08 7.20686e-07
0.00174901 3.85792e-08 1.10943e-06
0.00174901 7.44984e-08 1.15875e-06
0.00174901 3.81607e-08 6.15322e-07
0.00174901 4.45556e-08 1.30443e-06
0.00174901 4.79755e-08 7.56753e-07
0.00174901 3.01838e-08 5.75299e-07
0.00174901 4.08392e-08 7.84037e-07
0.00174901 6.24074e-08 7.89029e-07
0.00174901 3.19652e-08 4.27648e-07
0.00174901 3.95631e-08 7.74804e-07
0.00174901 4.68147e-08 7.51693e-07
0.00174901 6.15993e-08 6.34865e-07
0.00174901 5.07676e-08 1.64618e-06
0.00174901 5.89106e-08 9.84078e-07
0.00174901 2.57102e-08 3.7106e-07
0.00174901 6.82861e-08 9.60901e-07
0.00174901 2.97708e-08 9.47115e-07
0.00174901 4.5261e-08 1.31629e-06
0.00174901 4.78072e-08 3.32424e-07
0.00174901 4.51599e-08 1.17975e-06
0.00174901 4.15343e-08 8.97152e-07
0.00174901 7.42285e-08 7.46129e-07
0.00174901 6.61752e-08 5.29423e-07
0.00174901 3.53249e-08 1.22117e-06
0.00174901 4.80328e-08 1.26671e-06
0.00174901 3.75867e-08 8.4005e-07
0.00174901 5.22525e-08 6.63831e-07
0.00174901 5.28487e-08 8.31404e-07
0.00174901 3.22419e-08 1.61469e-06
0.00174901 5.24727e-08 3.05034e-07
0.00174901 4.37265e-08 3.64823e-06
0.00174901 5.27269e-08 1.62774e-06
0.00174901 8.97442e-08 1.09926e-06
0.00174901 4.07811e-08 5.78823e-07
0.00174901 5.70405e-08 5.01621e-07
0.00174901 4.37019e-08 1.00721e-06
0.00174901 6.74645e-08 5.72297e-07
0.00174901 5.20158e-08 1.62399e-06
0.00174901 4.18916e-08 4.95953e-07
0.00174901 6.4061e-08 6.54401e-07
0.00174901 3.49671e-08 5.76889e-07
0.00174901 3.32951e-08 1.35747e-06
0.00174901 4.07222e-08 1.33121e-06
0.00174901 4.19812e-08 1.35462e-06
0.00174901 4.02223e-08 5.36965e-07
0.00174901 3.62701e-08 7.90936e-07
0.00174901 3.89939e-08 1.13381e-06
0.00174901 6.89662e-08 8.00777e-07
0.00174901 4.93007e-08 8.659e-07
0.00174901 6.45486e-08 9.40401e-07
0.00174901 2.7891e-08 7.45221e-07
0.00174901 6.84347e-08 8.40377e-07
0.00174901 4.16096e-08 8.87371e-07
0.00174901 5.79634e-08 9.28223e-07
0.00174901 5.34734e-08 1.77635e-06
0.00174901 3.6428e-08 7.74093e-07
0.00174901 5.36377e-08 9.78228e-07
0.00174901 4.32175e-08 1.74796e-06
0.00174901 3.77058e-08 9.08264e-07
0.00174901 4.0495e-08 5.86026e-07
0.00174901 6.08444e-08 5.80312e-07
0.00174901 4.17322e-08 1.83336e-06
0.00174901 3.74076e-08 1.05348e-06
0.00174901 4.14251e-08 4.04026e-07
0.00174901 3.79302e-08 1.30344e-06
0.00174901 4.02626e-08 4.80216e-07
0.00174901 3.85223e-08 1.96536e-06
0.00174901 5.13093e-08 1.09494e-06
0.00174901 5.8064e-08 5.31324e-07
0.00174901 4.90968e-08 9.67916e-07
0.00174901 4.18327e-08 4.29176e-07
0.00174901 4.61708e-08 8.50664e-07
0.00174901 3.96549e-08 7.76244e-07
0.00174901 2.8247e-08 1.01407e-06
0.00174901 5.63203e-08 7.17196e-07
0.00174901 4.29332e-08 7.50828e-07
0.00174901 3.91758e-08 4.97732e-07
0.00174901 5.14307e-08 8.77255e-07
0.00174901 5.45027e-08 7.7929e-07
0.00174901 4.18803e-08 9.8016e-07
0.00174901 4.05652e-08 1.71057e-06
0.00174901 5.0433e-08 4.29452e-07
0.00174901 4.40226e-08 1.48793e-06
0.00174901 4.30895e-08 1.84702e-06
0.00174901 4.75205e-08 1.28008e-06
0.00174901 4.65279e-08 2.07346e-06
0.00201136 6.02503e-08 9.32192e-07
0.00201136 4.2337e-08 7.23974e-07
0.00201136 7.49649e-08 6.49716e-07
0.00201136 7.14562e-08 7.85748e-07
0.00201136 7.60541e-08 1.12426e-06
0.00201136 6.66867e-08 1.68864e-06
0.00201136 5.69038e-08 5.48258e-07
0.00201136 8.36063e-08 5.73965e-07
0.00201136 5.46027e-08 1.09838e-06
0.00201136 4.86206e-08 1.62395e-06
0.00201136 5.59445e-08 6.57436e-07
0.00201136 6.46575e-08 6.53523e-07
0.00201136 4.72506e-08 7.82751e-07
0.00201136 6.67728e-08 4.72588e-07
0.00201136 8.07457e-08 7.40471e-07
0.00201136 6.07302e-08 5.48817e-07
0.00201136 6.27339e-08 1.16671e-06
0.00201136 6.1021e-08 1.83487e-06
0.00201136 5.59666e-08 1.10371e-06
0.00201136 6.95993e-08 5.22502e-07
0.00201136 6.48921e-08 7.95734e-07
0.00201136 5.90635e-08 7.42757e-07
0.00201136 5.65701e-08 9.04981e-07
0.00201136 8.93507e-08 1.40634e-06
0.00201136 5.0527e-08 8.08165e-07
0.00201136 5.14681e-08 9.90917e-07
0.00201136 5.14545e-08 1.11842e-06
0.00201136 6.60519e-08 8.44109e-07
0.00201136 6.90634e-08 9.10841e-07
0.00201136 8.16941e-08 1.07142e-06
0.00201136 6.13198e-08 1.05676e-06
0.00201136 6.76545e-08 9.55454e-07
0.00201136 4.73928e-08 1.54975e-06
0.00201136 6.35332e-08 1.83725e-06
0.00201136 6.9019e-08 7.76263e-07
0.00201136 5.40775e-08 3.59838e-07
0.00201136 5.82088e-08 1.0229e-06
0.00201136 5.13285e-08 1.52691e-06
0.00201136 7.4861e-08 9.13906e-07
0.00201136 5.66345e-08 1.35998e-06
0.00201136 8.15684e-08 9.25777e-07
0.00201136 3.92208e-08 5.57069e-07
0.00201136 6.33765e-08 1.80177e-06
0.00201136 3.85175e-08 1.16044e-06
0.00201136 8.13248e-08 7.00253e-07
0.00201136 4.90189e-08 9.98895e-07
0.00201136 6.05747e-08 1.519e-06
0.00201136 5.18238e-08 4.62394e-07
0.00201136 1.02284e-07 1.25863e-06
0.00201136 6.34708e-08 1.73997e-06
0.00201136 5.66538e-08 7.28447e-07
0.00201136 5.45904e-08 2.75376e-07
0.00201136 5.81484e-08 1.55952e-06
0.00201136 5.76891e-08 8.93686e-07
0.00201136 6.37735e-08 1.07492e-06
0.00201136 3.90646e-08 8.15926e-07
0.00201136 4.84005e-08 1.15314e-06
0.00201136 5.9077e-08 1.34485e-06
0.00201136 1.02636e-07 1.09732e-06
0.00201136 4.06636e-08 9.5753e-07
0.00201136 4.31541e-08 1.99092e-06
0.00201136 6.05093e-08 1.54427e-06
0.00201136 6.14953e-08 1.11843e-06
0.00201136 4.4704e-08 1.02425e-06
0.00201136 6.32827e-08 1.89251e-06
0.00201136 7.2307e-08 7.44769e-07
0.00201136 7.58117e-08 1.31307e-06
0.00201136 4.70314e-08 5.86243e-07
0.00201136 8.33412e-08 1.37956e-06
0.00201136 5.82512e-08 1.3739e-06
0.00201136 7.16621e-08 1.39209e-06
0.00201136 6.96208e-08 1.31457e-06
0.00201136 6.64882e-08 1.00612e-06
0.00201136 6.42665e-08 1.13902e-06
0.00201136 5.88408e-08 3.39861e-06
0.00201136 5.89156e-08 9.36761e-07
0.00201136 8.03185e-08 7.19134e-07
0.00201136 8.58157e-08 1.60503e-06
0.00201136 5.15472e-08 7.18888e-07
0.00201136 4.97458e-08 2.22361e-06
0.00201136 6.51499e-08 1.52837e-06
0.00201136 4.63762e-08 5.99297e-07
0.00201136 4.92953e-08 1.03656e-06
0.00201136 7.54773e-08 9.07032e-07
0.00201136 4.79848e-08 2.03495e-06
0.00201136 6.50323e-08 1.69951e-06
0.00201136 5.36005e-08 8.1792e-07
0.00201136 5.39129e-08 1.11618e-06
0.00201136 6.23327e-08 1.16043e-06
0.00201136 7.04016e-08 1.04091e-06
0.00201136 5.77774e-08 9.93191e-07
0.00201136 3.94883e-08 8.25878e-07
0.00201136 6.04322e-08 5.08507e-07
0.00201136 5.41e-08 5.17522e-07
0.00201136 3.7084e-08 9.5929e-07
0.00201136 5.66972e-08 1.40057e-06
0.00201136 4.58351e-08 1.35576e-06
0.00201136 5.0014e-08 1.0051e-06
0.00201136 6.94885e-08 9.42088e-07
0.00201136 7.83086e-08 1.16544e-06
0.00231306 5.76972e-08 6.09185e-07
0.00231306 7.96813e-08 8.38903e-07
0.00231306 7.28985e-08 2.53914e-06
0.00231306 6.84194e-08 1.51715e-06
0.00231306 8.10788e-08 1.01875e-06
0.00231306 7.24667e-08 1.46729e-06
0.00231306 1.00536e-07 3.28612e-06
0.00231306 8.38105e-08 1.27963e-06
0.00231306 6.11732e-08 1.29314e-06
0.00231306 6.2606e-08 1.54449e-06
0.00231306 6.14614e-08 3.21607e-06
0.00231306 6.66715e-08 9.1855e-07
0.00231306 7.68152e-08 7.83584e-07
0.00231306 6.00115e-08 9.14953e-07
0.00231306 9.74914e-08 2.39785e-06
0.00231306 5.52898e-08 7.91668e-07
0.00231306 8.28972e-08 8.32876e-07
0.00231306 5.24565e-08 2.18393e-06
0.00231306 6.60612e-08 1.55978e-06
0.00231306 6.7489e-08 1.24853e-06
0.00231306 9.1514e-08 2.14719e-06
0.00231306 6.9776e-08 3.25988e-06
0.00231306 1.13065e-07 2.60915e-06
0.00231306 6.52336e-08 1.73475e-06
0.00231306 9.68979e-08 1.08789e-06
0.00231306 5.87847e-08 9.05426e-07
0.00231306 6.95358e-08 7.56778e-07
0.00231306 8.5504e-08 1.30289e-06
0.00231306 7.04991e-08 1.41375e-06
0.00231306 6.58749e-08 6.96232e-07
0.00231306 6.14175e-08 9.6928e-07
0.00231306 1.11275e-07 8.03413e-07
0.00231306 7.30621e-08 2.15133e-06
0.00231306 8.18704e-08 1.21434e-06
0.00231306 6.59062e-08 5.45238e-07
0.00231306 6.06329e-08 1.10952e-06
0.00231306 5.6167e-08 2.12321e-06
0.00231306 5.78046e-08 7.05064e-07
0.00231306 8.10097e-08 8.17186e-07
0.00231306 9.63795e-08 1.12643e-06
0.00231306 7.63847e-08 2.2322e-06
0.00231306 5.1851e-08 1.4454e-06
0.00231306 8.2973e-08 1.06016e-06
0.00231306 6.25398e-08 3.86148e-06
0.00231306 8.15714e-08 5.1495e-06
0.00231306 7.88203e-08 1.40447e-06
0.00231306 6.64412e-08 2.00045e-06
0.00231306 5.53012e-08 1.53904e-06
0.00231306 6.09444e-08 3.47419e-07
0.00231306 9.26379e-08 1.18288e-06
0.00231306 7.5657e-08 2.06636e-06
0.00231306 6.82062e-08 2.44726e-06
0.00231306 6.65855e-08 2.229e-06
0.00231306 7.91695e-08 5.73028e-07
0.00231306 4.36837e-08 8.42455e-07
0.00231306 8.62575e-08 1.5112e-06
0.00231306 1.11716e-07 1.58606e-06
0.00231306 1.23113e-07 1.53869e-06
0.00231306 6.63231e-08 2.66145e-06
0.00231306 7.21645e-08 1.30287e-06
0.00231306 6.61183e-08 1.47059e-06
0.00231306 7.61241e-08 7.30712e-07
0.00231306 6.61101e-08 1.74264e-06
0.00231306 8.04269e-08 2.07756e-06
0.00231306 1.03017e-07 2.39519e-06
0.00231306 9.22712e-08 8.0316e-07
0.00231306 8.29248e-08 1.09224e-06
0.00231306 1.33428e-07 1.46899e-06
0.00231306 9.80929e-08 1.00791e-06
0.00231306 9.80332e-08 9.56173e-07
0.00231306 9.64497e-08 1.561e-06
0.00231306 7.39558e-08 9.88168e-07
0.00231306 6.1281e-08 2.00463e-06
0.00231306 8.99075e-08 2.00552e-06
0.00231306 9.7013e-08 1.07472e-06
0.00231306 6.12538e-08 5.68247e-07
0.00231306 6.97046e-08 3.01104e-06
0.00231306 8.3049e-08 1.44983e-06
0.00231306 6.83549e-08 1.48909e-06
0.00231306 7.57971e-08 1.19941e-06
0.00231306 1.04879e-07 1.35202e-06
0.00231306 9.76671e-08 4.97353e-06
0.00231306 8.90316e-08 1.32643e-06
0.00231306 6.54476e-08 8.30058e-07
0.00231306 6.14427e-08 9.9371e-07
0.00231306 6.18348e-08 7.01595e-07
0.00231306 6.78009e-08 7.16261e-07
0.00231306 8.2538e-08 1.09919e-06
0.00231306 7.31042e-08 1.20998e-06
0.00231306 6.94626e-08 1.66083e-06
0.00231306 6.85777e-08 1.16303e-06
0.00231306 7.58569e-08 8.72919e-07
0.00231306 6.95676e-08 1.25821e-06
0.00231306 8.04622e-08 1.32932e-06
0.00231306 8.51745e-08 7.8273e-07
0.00231306 7.26076e-08 1.27731e-06
0.00231306 7.90767e-08 1.39762e-06
0.00231306 7.82581e-08 5.34762e-07
0.00231306 8.50195e-08 1.75477e-06
0.00231306 6.66437e-08 1.72355e-06
0.00266002 9.88514e-08 3.55563e-06
0.00266002 1.39889e-07 1.11281e-06
0.00266002 8.07965e-08 2.84738e-06
0.00266002 1.16432e-07 3.1134e-06
0.00266002 1.26595e-07 1.70424e-06
0.00266002 8.36769e-08 2.70898e-06
0.00266002 1.197e-07 1.86579e-06
0.00266002 9.63617e-08 1.02674e-06
0.00266002 8.87187e-08 1.3144e-06
0.00266002 1.02239e-07 1.88549e-06
0.00266002 8.29664e-08 1.20707e-06
0.00266002 9.44002e-08 2.14216e-06
0.00266002 1.09409e-07 1.55316e-06
0.00266002 1.08049e-07 1.15132e-06
0.00266002 1.29771e-07 1.21922e-06
0.00266002 1.29285e-07 1.46404e-06
0.00266002 1.12043e-07 3.48463e-06
0.00266002 1.05446e-07 4.30121e-06
0.00266002 1.07115e-07 9.01733e-07
0.00266002 9.37484e-08 2.2331e-06
0.00266002 1.24257e-07 1.973e-06
0.00266002 9.85521e-08 6.30888e-07
0.00266002 8.83346e-08 1.37665e-06
0.00266002 9.03674e-08 1.0018e-06
0.00266002 7.99691e-08 2.12743e-06
0.00266002 9.93487e-08 1.55122e-06
0.00266002 1.16153e-07 2.05676e-06
0.00266002 9.59117e-08 1.32471e-06
0.00266002 6.47633e-08 3.90266e-06
0.00266002 9.93499e-08 1.2916e-06
0.00266002 1.11547e-07 1.62055e-06
0.00266002 1.0456e-07 2.58809e-06
0.00266002 7.6335e-08 1.06117e-06
0.00266002 9.92614e-08 9.25733e-07
0.00266002 6.2694e-08 1.18513e-06
0.00266002 9.84655e-08 2.95082e-06
0.00266002 1.54931e-07 1.98249e-06
0.00266002 1.13747e-07 1.05469e-06
0.00266002 1.02816e-07 7.96875e-07
0.00266002 1.10234e-07 1.33106e-06
0.00266002 9.48328e-08 4.22107e-06
0.00266002 9.55763e-08 3.21061e-06
0.00266002 1.05026e-07 1.649e-06
0.00266002 9.80625e-08 1.62507e-06
0.00266002 1.12969e-07 3.02548e-06
0.00266002 9.35906e-08 1.90285e-06
0.00266002 1.31665e-07 2.2752e-06
0.00266002 9.57218e-08 1.28976e-06
0.00266002 8.4316e-08 1.39967e-06
0.00266002 1.0314e-07 2.0769e-06
0.00266002 8.37687e-08 2.08802e-06
0.00266002 1.10178e-07 3.11428e-06
0.00266002 1.1043e-07 1.15014e-06
0.00266002 7.68379e-08 1.57048e-06
0.00266002 9.23152e-08 2.16054e-06
0.00266002 1.40558e-07 2.244e-06
0.00266002 1.02419e-07 1.67986e-06
0.00266002 1.03868e-07 2.95951e-06
0.00266002 9.89723e-08 3.67665e-06
0.00266002 8.57454e-08 2.46365e-06
0.00266002 1.12827e-07 1.71686e-06
0.00266002 9.47253e-08 2.37951e-06
0.00266002 6.4211e-08 1.07008e-06
0.00266002 7.42823e-08 6.17565e-06
0.00266002 7.26324e-08 2.86348e-06
0.00266002 1.46731e-07 2.21363e-06
0.00266002 9.44688e-08 6.80211e-07
0.00266002 1.15393e-07 9.12392e-07
0.00266002 7.29964e-08 1.60354e-06
0.00266002 1.09651e-07 1.48933e-06
0.00266002 1.05258e-07 1.23806e-06
0.00266002 8.76837e-08 2.28736e-06
0.00266002 9.11491e-08 6.14199e-06
0.00266002 1.00592e-07 1.84585e-06
0.00266002 9.32649e-08 1.14328e-06
0.00266002 9.12198e-08 1.22801e-06
0.00266002 1.20639e-07 1.46484e-06
0.00266002 1.12257e-07 2.41031e-06
0.00266002 1.02353e-07 1.72469e-06
0.00266002 7.5858e-08 2.10277e-06
0.00266002 1.13479e-07 2.84405e-06
0.00266002 1.02219e-07 1.17428e-06
0.00266002 1.11948e-07 3.06229e-06
0.00266002 1.05115e-07 2.71395e-06
0.00266002 1.29202e-07 2.19869e-06
0.00266002 7.77398e-08 1.75032e-06
0.00266002 1.01449e-07 1.1932e-06
0.00266002 1.06191e-07 2.14864e-06
0.00266002 1.70629e-07 2.19843e-06
0.00266002 9.14416e-08 1.52991e-06
0.00266002 1.10907e-07 1.48215e-06
0.00266002 8.15021e-08 1.284e-06
0.00266002 8.17626e-08 2.24169e-06
0.00266002 1.02868e-07 1.47358e-06
0.00266002 1.30527e-07 1.29699e-06
0.00266002 6.29954e-08 1.42879e-06
0.00266002 9.22178e-08 1.47188e-06
0.00266002 8.12661e-08 9.45178e-07
0.00266002 8.83075e-08 8.14211e-07
0.00266002 8.41736e-08 1.72179e-06
0.00305902 1.6921e-07 4.31148e-06
0.00305902 1.3057e-07 1.39348e-06
0.00305902 8.61449e-08 2.4406e-06
0.00305902 1.70262e-07 3.00986e-06
0.00305902 1.59054e-07 3.53809e-06
0.00305902 1.69189e-07 3.8654e-06
0.00305902 1.31044e-07 1.72204e-06
0.00305902 1.03836e-07 1.86675e-06
0.00305902 1.1973e-07 4.9154e-06
0.00305902 1.68327e-07 3.14067e-06
0.00305902 1.23981e-07 2.70901e-06
0.00305902 1.41734e-07 2.3991e-06
0.00305902 1.37197e-07 1.89429e-06
0.00305902 1.22944e-07 4.86133e-06
0.00305902 1.32029e-07 4.95383e-06
0.00305902 1.48056e-07 2.922e-06
0.00305902 1.30947e-07 1.97428e-06
0.00305902 1.10227e-07 1.37474e-06
0.00305902 1.33743e-07 4.80946e-06
0.00305902 1.99171e-07 2.04026e-06
0.00305902 1.16742e-07 1.52075e-06
0.00305902 1.48449e-07 2.71616e-06
0.00305902 1.42728e-07 2.8236e-06
0.00305902 1.46147e-07 1.37172e-06
0.00305902 1.13554e-07 3.52449e-06
0.00305902 1.43727e-07 9.50843e-07
0.00305902 1.78328e-07 1.69356e-06
0.00305902 1.39183e-07 2.10371e-06
0.00305902 1.38767e-07 2.98409e-06
0.00305902 9.76936e-08 1.97764e-06
0.00305902 1.62733e-07 1.07986e-06
0.00305902 2.08821e-07 4.2951e-06
0.00305902 1.445e-07 1.83074e-06
0.00305902 1.69845e-07 4.13926e-06
0.00305902 1.74493e-07 1.43485e-06
0.00305902 1.43946e-07 2.57841e-06
0.00305902 1.94236e-07 2.62382e-06
0.00305902 1.15753e-07 1.3898e-06
0.00305902 1.23377e-07 3.18206e-06
0.00305902 1.37476e-07 4.24152e-06
0.00305902 1.40821e-07 4.42803e-06
0.00305902 1.05547e-07 3.47907e-06
0.00305902 1.49806e-07 4.62814e-06
0.00305902 1.86362e-07 1.99929e-06
0.00305902 1.09869e-07 4.03104e-06
0.00305902 1.21373e-07 7.27836e-06
0.00305902 2.07632e-07 1.35985e-06
0.00305902 1.08616e-07 1.75351e-06
0.00305902 1.33851e-07 2.30394e-06
0.00305902 1.26833e-07 6.25059e-06
0.00305902 1.35037e-07 3.99337e-06
0.00305902 9.38379e-08 3.10841e-06
0.00305902 1.39404e-07 3.01165e-06
0.00305902 1.57422e-07 3.64077e-06
0.00305902 1.83021e-07 5.06652e-06
0.00305902 1.28492e-07 2.96398e-06
0.00305902 9.87898e-08 1.1816e-06
0.00305902 9.57685e-08 1.54418e-06
0.00305902 1.64748e-07 1.75477e-06
0.00305902 1.88143e-07 2.50018e-06
0.00305902 1.9185e-07 4.72673e-06
0.00305902 1.43335e-07 6.77677e-06
0.00305902 2.0409e-07 5.42715e-06
0.00305902 1.17957e-07 1.80954e-06
0.00305902 1.74681e-07 6.07327e-06
0.00305902 1.50589e-07 5.68406e-06
0.00305902 1.42441e-07 6.40372e-06
0.00305902 9.80717e-08 1.17625e-06
0.00305902 1.46459e-07 4.18008e-06
0.00305902 1.59164e-07 3.59059e-06
0.00305902 1.40683e-07 4.45022e-06
0.00305902 1.26971e-07 2.34075e-06
0.00305902 1.37565e-07 1.8906e-06
0.00305902 1.52955e-07 1.02033e-06
0.00305902 1.43613e-07 2.5683e-06
0.00305902 1.25603e-07 1.54395e-06
0.00305902 1.86741e-07 2.01255e-06
0.00305902 1.00029e-07 2.51284e-06
0.00305902 8.49056e-08 1.16812e-06
0.00305902 1.19145e-07 3.28743e-06
0.00305902 1.84779e-07 2.79034e-06
0.00305902 1.61112e-07 4.27118e-06
0.00305902 1.57811e-07 1.96788e-06
0.00305902 1.26464e-07 5.96752e-06
0.00305902 1.03324e-07 1.33633e-06
0.00305902 2.25412e-07 2.38537e-06
0.00305902 1.21182e-07 4.55444e-06
0.00305902 1.68135e-07 5.23368e-06
0.00305902 1.56009e-07 1.7324e-06
0.00305902 1.4521e-07 5.51229e-06
0.00305902 1.20924e-07 3.02452e-06
0.00305902 1.11224e-07 2.0566e-06
0.00305902 1.34203e-07 1.32458e-06
0.00305902 1.72046e-07 5.03976e-06
0.00305902 1.17676e-07 2.28866e-06
0.00305902 9.27699e-08 1.57365e-06
0.00305902 1.14565e-07 1.72151e-06
0.00305902 2.20315e-07 4.4526e-06
0.00305902 8.48137e-08 1.9056e-06
0.00305902 1.26167e-07 1.28274e-06
0.00351788 1.22399e-07 1.48854e-06
0.00351788 1.47157e-07 1.67852e-06
0.00351788 1.76455e-07 3.71774e-06
0.00351788 1.99119e-07 2.09324e-06
0.00351788 2.23141e-07 3.92817e-06
0.00351788 1.79691e-07 2.5004e-06
0.00351788 1.52739e-07 1.24774e-06
0.00351788 1.51815e-07 2.44539e-06
0.00351788 1.69074e-07 1.99456e-06
0.00351788 2.32083e-07 2.7475e-06
0.00351788 1.48806e-07 5.10601e-06
0.00351788 2.43556e-07 6.78094e-06
0.00351788 1.65084e-07 3.13043e-06
0.00351788 2.34154e-07 5.25166e-06
0.00351788 1.89293e-07 4.1859e-06
0.00351788 2.00675e-07 6.83914e-06
0.00351788 1.64775e-07 3.77077e-06
0.00351788 1.69165e-07 5.65915e-06
0.00351788 1.66326e-07 3.84614e-06
0.00351788 2.26559e-07 7.68199e-06
0.00351788 1.36505e-07 4.12242e-06
0.00351788 1.78472e-07 6.72589e-06
0.00351788 2.08164e-07 2.93602e-06
0.00351788 2.37221e-07 3.38792e-06
0.00351788 1.88564e-07 3.80854e-06
0.00351788 1.62311e-07 4.089e-06
0.00351788 2.5677e-07 6.20977e-06
0.00351788 1.42099e-07 5.71371e-06
0.00351788 1.92418e-07 1.36e-06
0.00351788 1.59122e-07 2.01102e-06
0.00351788 1.62968e-07 3.26635e-06
0.00351788 2.64311e-07 5.28273e-06
0.00351788 2.22063e-07 3.77321e-06
0.00351788 1.744e-07 2.13598e-06
0.00351788 1.73495e-07 3.43374e-06
0.00351788 1.98062e-07 1.05953e-05
0.00351788 2.70242e-07 9.41719e-06
0.00351788 2.09005e-07 2.93098e-06
0.00351788 1.08034e-07 2.00021e-06
0.00351788 2.08909e-07 2.72086e-06
0.00351788 1.53581e-07 6.03379e-06
0.00351788 1.67973e-07 3.20034e-06
0.00351788 2.32363e-07 8.22768e-06
0.00351788 2.1121e-07 2.62595e-06
0.00351788 1.81686e-07 4.58318e-06
0.00351788 1.81182e-07 1.96196e-06
0.00351788 1.3969e-07 4.04671e-06
0.00351788 1.45047e-07 2.15014e-06
0.00351788 1.52415e-07 2.60877e-06
0.00351788 2.19954e-07 4.84211e-06
0.00351788 1.31962e-07 3.79708e-06
0.00351788 1.3225e-07 1.40923e-06
0.00351788 1.91453e-07 3.34817e-06
0.00351788 1.35867e-07 2.65007e-06
0.00351788 1.82524e-07 2.3e-06
0.00351788 1.65247e-07 3.47056e-06
0.00351788 1.55208e-07 2.74069e-06
0.00351788 1.50699e-07 2.50378e-06
0.00351788 2.60212e-07 2.47946e-06
0.00351788 1.52235e-07 2.38241e-06
0.00351788 1.93724e-07 7.83336e-06
0.00351788 1.83985e-07 2.698e-06
0.00351788 1.39252e-07 5.68931e-06
0.00351788 1.79905e-07 4.18848e-06
0.00351788 1.55763e-07 1.00938e-06
0.00351788 1.76526e-07 3.74941e-06
0.00351788 2.12253e-07 3.48295e-06
0.00351788 1.84429e-07 6.2583e-06
0.00351788 1.46559e-07 4.35196e-06
0.00351788 1.84964e-07 3.7212e-06
0.00351788 1.8699e-07 4.8342e-06
0.00351788 2.03276e-07 2.08257e-06
0.00351788 1.37606e-07 4.08422e-06
0.00351788 1.41743e-07 1.60329e-06
0.00351788 1.96993e-07 5.00262e-06
0.00351788 1.83595e-07 6.8106e-06
0.00351788 2.22826e-07 3.31889e-06
0.00351788 1.40094e-07 4.41142e-06
0.00351788 2.05768e-07 3.97893e-06
0.00351788 2.26578e-07 4.30709e-06
0.00351788 2.73559e-07 5.81073e-06
0.00351788 1.2802e-07 3.45625e-06
0.00351788 2.48583e-07 8.84879e-06
0.00351788 1.45662e-07 2.10867e-06
0.00351788 1.29793e-07 2.84515e-06
0.00351788 1.49367e-07 1.72927e-06
0.00351788 1.67396e-07 3.17055e-06
0.00351788 1.3335e-07 3.93264e-06
0.00351788 1.37699e-07 5.66752e-06
0.00351788 1.79398e-07 3.22611e-06
0.00351788 2.10323e-07 1.96416e-06
0.00351788 1.98272e-07 4.9568e-06
0.00351788 1.50801e-07 4.12969e-06
0.00351788 1.82086e-07 2.83729e-06
0.00351788 2.00553e-07 2.02148e-06
0.00351788 2.14185e-07 2.1326e-06
0.00351788 2.27385e-07 4.50686e-06
0.00351788 2.11552e-07 5.98235e-06
0.00351788 1.67133e-07 2.07099e-06
0.00351788 2.23598e-07 3.3361e-06
0.00404556 2.20773e-07 3.34422e-06
0.00404556 2.22089e-07 3.57908e-06
0.00404556 2.36516e-07 5.17654e-06
0.00404556 1.52996e-07 1.56693e-06
0.00404556 2.14453e-07 4.54698e-06
0.00404556 1.98121e-07 7.10662e-06
0.00404556 1.81981e-07 2.49893e-06
0.00404556 2.65199e-07 7.80331e-06
0.00404556 2.24147e-07 1.13536e-05
0.00404556 2.03204e-07 2.57437e-06
0.00404556 1.86408e-07 4.06035e-06
0.00404556 2.35199e-07 4.09586e-06
0.00404556 1.76898e-07 4.38726e-06
0.00404556 2.26583e-07 4.16171e-06
0.00404556 2.0544e-07 3.56037e-06
0.00404556 1.85095e-07 4.3054e-06
0.00404556 2.7258e-07 3.84158e-06
0.00404556 2.87182e-07 3.35851e-06
0.00404556 2.33826e-07 6.36761e-06
0.00404556 2.49257e-07 6.64265e-06
0.00404556 2.77155e-07 4.50917e-06
0.00404556 1.46582e-07 3.44841e-06
0.00404556 2.12517e-07 2.12499e-06
0.00404556 1.80092e-07 4.75975e-06
0.00404556 2.5204e-07 3.57581e-06
0.00404556 2.60224e-07 4.72966e-06
0.00404556 3.80663e-07 8.47529e-06
0.00404556 2.52576e-07 3.72081e-06
0.00404556 2.58663e-07 5.04431e-06
0.00404556 2.2565e-07 7.1253e-06
0.00404556 1.71248e-07 7.30056e-06
0.00404556 3.22139e-07 4.33686e-06
0.00404556 2.43946e-07 2.2736e-06
0.00404556 2.47367e-07 1.76352e-06
0.00404556 3.26654e-07 5.65733e-06
0.00404556 2.3817e-07 1.78057e-06
0.00404556 2.61233e-07 3.67721e-06
0.00404556 2.30156e-07 8.25186e-06
0.00404556 2.13546e-07 4.17295e-06
0.00404556 1.88137e-07 5.8208e-06
0.00404556 2.64328e-07 2.86883e-06
0.00404556 2.54998e-07 2.00395e-06
0.00404556 2.43199e-07 3.99129e-06
0.00404556 2.31591e-07 8.95931e-06
0.00404556 2.17471e-07 6.87107e-06
0.00404556 2.55944e-07 4.01087e-06
0.00404556 2.22366e-07 4.11724e-06
0.00404556 2.87266e-07 3.19921e-06
0.00404556 2.61378e-07 3.50301e-06
0.00404556 2.43118e-07 4.83386e-06
0.00404556 2.96635e-07 6.0413e-06
0.00404556 2.48452e-07 1.64234e-06
0.00404556 2.8933e-07 7.96035e-06
0.00404556 2.17027e-07 2.26344e-06
0.00404556 2.59105e-07 6.0281e-06
0.00404556 2.07096e-07 2.5959e-06
0.00404556 2.61382e-07 6.16687e-06
0.00404556 2.33288e-07 7.69567e-06
0.00404556 2.30464e-07 2.44558e-06
0.00404556 2.3823e-07 4.01185e-06
0.00404556 2.066e-07 4.77327e-06
0.00404556 3.16128e-07 3.42154e-06
0.00404556 2.12272e-07 9.52721e-06
0.00404556 1.92643e-07 4.57002e-06
0.00404556 2.6188e-07 1.2346e-05
0.00404556 2.62976e-07 2.17521e-06
0.00404556 2.18893e-07 7.44303e-06
0.00404556 2.09394e-07 2.47838e-06
0.00404556 1.94066e-07 2.66557e-06
0.00404556 3.28292e-07 4.33286e-06
0.00404556 3.0271e-07 5.81008e-06
0.00404556 3.23403e-07 3.50748e-06
0.00404556 2.2512e-07 4.35619e-06
0.00404556 2.01182e-07 4.18373e-06
0.00404556 2.75022e-07 4.99257e-06
0.00404556 3.17726e-07 4.35157e-06
0.00404556 2.46273e-07 2.18749e-06
0.00404556 2.24106e-07 9.448e-06
0.00404556 2.6618e-07 5.72256e-06
0.00404556 3.22606e-07 5.74457e-06
0.00404556 2.57963e-07 3.43322e-06
0.00404556 1.63599e-07 4.87442e-06
0.00404556 2.93717e-07 6.28905e-06
0.00404556 1.86798e-07 2.46953e-06
0.00404556 2.34457e-07 2.04824e-06
0.00404556 2.28903e-07 2.29706e-06
0.00404556 1.59804e-07 2.04224e-06
0.00404556 2.38031e-07 5.20834e-06
0.00404556 2.95316e-07 3.51045e-06
0.00404556 1.76278e-07 1.98829e-06
0.00404556 2.869e-07 2.25718e-06
0.00404556 2.46759e-07 8.05432e-06
0.00404556 2.1896e-07 3.73543e-06
0.00404556 1.46592e-07 3.09054e-06
0.00404556 3.04505e-07 2.14122e-06
0.00404556 2.10162e-07 5.06885e-06
0.00404556 2.50177e-07 4.77716e-06
0.00404556 1.62668e-07 3.88217e-06
0.00404556 2.43499e-07 3.97512e-06
0.00404556 1.77414e-07 4.13183e-06
0.00465239 2.19665e-07 1.9974e-06
0.00465239 3.87906e-07 4.64966e-06
0.00465239 2.50641e-07 4.20315e-06
0.00465239 2.05435e-07 3.61155e-06
0.00465239 3.72974e-07 3.84167e-06
0.00465239 4.20619e-07 5.20185e-06
0.00465239 3.35902e-07 2.922e-06
0.00465239 2.88252e-07 4.88439e-06
0.00465239 3.6362e-07 7.12487e-06
0.00465239 3.31755e-07 4.96433e-06
0.00465239 3.75895e-07 1.92322e-05
0.00465239 4.40917e-07 4.77006e-06
0.00465239 4.20826e-07 3.8558e-06
0.00465239 2.70678e-07 8.72827e-06
0.00465239 3.30848e-07 1.09378e-05
0.00465239 3.34065e-07 2.92949e-06
0.00465239 3.07306e-07 5.77989e-06
0.00465239 3.38055e-07 5.22201e-06
0.00465239 4.0955e-07 3.32822e-06
0.00465239 3.92369e-07 8.01867e-06
0.00465239 3.10084e-07 7.28789e-06
0.00465239 2.79658e-07 6.95019e-06
0.00465239 2.68052e-07 2.41306e-06
0.00465239 2.25135e-07 5.0819e-06
0.00465239 2.98487e-07 4.06543e-06
0.00465239 1.88081e-07 6.11515e-06
0.00465239 3.57299e-07 5.91207e-06
0.00465239 2.88742e-07 6.29035e-06
0.00465239 4.26552e-07 7.33077e-06
0.00465239 2.40299e-07 3.20983e-06
0.00465239 3.13503e-07 1.78565e-05
0.00465239 3.55812e-07 1.47257e-05
0.00465239 2.4334e-07 4.95153e-06
0.00465239 4.03463e-07 8.60276e-06
0.00465239 4.12399e-07 4.701e-06
0.00465239 2.38455e-07 3.50072e-06
0.00465239 2.91656e-07 5.43627e-06
0.00465239 2.72148e-07 3.81128e-06
0.00465239 2.76137e-07 4.99999e-06
0.00465239 3.68522e-07 7.60604e-06
0.00465239 3.9634e-07 7.02997e-06
0.00465239 3.82165e-07 1.07808e-05
0.00465239 3.02207e-07 7.20509e-06
0.00465239 3.58604e-07 2.48701e-06
0.00465239 3.24757e-07 6.74329e-06
0.00465239 2.8248e-07 3.73683e-06
0.00465239 3.22629e-07 1.00365e-05
0.00465239 3.16266e-07 1.01429e-05
0.00465239 4.17833e-07 4.83407e-06
0.00465239 3.73402e-07 5.31041e-06
0.00465239 3.97206e-07 9.5201e-06
0.00465239 3.64943e-07 2.50844e-06
0.00465239 2.84886e-07 5.49734e-06
0.00465239 2.9327e-07 4.99101e-06
0.00465239 3.00107e-07 2.08106e-06
0.00465239 2.34279e-07 4.52944e-06
0.00465239 3.16046e-07 3.56314e-06
0.00465239 3.90349e-07 5.0696e-06
0.00465239 3.12938e-07 2.79098e-06
0.00465239 3.7078e-07 4.47424e-06
0.00465239 3.1375e-07 5.09695e-06
0.00465239 3.61114e-07 5.72875e-06
0.00465239 4.17938e-07 1.08249e-05
0.00465239 3.7233e-07 6.39679e-06
0.00465239 4.39414e-07 2.06977e-05
0.00465239 2.86456e-07 3.88017e-06
0.00465239 2.77829e-07 9.54406e-06
0.00465239 2.73667e-07 1.2624e-05
0.00465239 3.93357e-07 4.34536e-06
0.00465239 4.10095e-07 4.37475e-06
0.00465239 3.55639e-07 6.20355e-06
0.00465239 3.0967e-07 6.10707e-06
0.00465239 3.03668e-07 1.13812e-05
0.00465239 2.89275e-07 1.51045e-05
0.00465239 2.22041e-07 4.67303e-06
0.00465239 2.90003e-07 8.81012e-06
0.00465239 3.47697e-07 3.70786e-06
0.00465239 3.45336e-07 3.76836e-06
0.00465239 3.10442e-07 1.12949e-05
0.00465239 3.60467e-07 4.77818e-06
0.00465239 2.94907e-07 3.14623e-06
0.00465239 2.74413e-07 4.26397e-06
0.00465239 2.65924e-07 6.83031e-06
0.00465239 2.88386e-07 5.42576e-06
0.00465239 3.41818e-07 9.15276e-06
0.00465239 3.53641e-07 4.93695e-06
0.00465239 2.83769e-07 7.32301e-06
0.00465239 2.66622e-07 5.26865e-06
0.00465239 3.75035e-07 3.03526e-06
0.00465239 3.54278e-07 7.6222e-06
0.00465239 2.88519e-07 7.81271e-06
0.00465239 3.1248e-07 2.21058e-05
0.00465239 2.99229e-07 4.83285e-06
0.00465239 2.41648e-07 4.55269e-06
0.00465239 2.34853e-07 2.73552e-06
0.00465239 3.6444e-07 8.15723e-06
0.00465239 3.58804e-07 5.01693e-06
0.00465239 3.09297e-07 1.16122e-05
0.00465239 3.51694e-07 1.56393e-05
0.00465239 3.5651e-07 5.74772e-06
0.00535025 2.64957e-07 6.8933e-06
0.00535025 4.45703e-07 5.09418e-06
0.00535025 4.54384e-07 7.27106e-06
0.00535025 4.38243e-07 1.43068e-05
0.00535025 4.16193e-07 3.93205e-06
0.00535025 3.61545e-07 1.24891e-05
0.00535025 3.19078e-07 6.94061e-06
0.00535025 4.28907e-07 1.01611e-05
0.00535025 4.43973e-07 8.15768e-06
0.00535025 5.46472e-07 4.08961e-06
0.00535025 4.28915e-07 6.87701e-06
0.00535025 3.59718e-07 6.12454e-06
0.00535025 4.30709e-07 1.01726e-05
0.00535025 3.91794e-07 9.52649e-06
0.00535025 3.29654e-07 9.20479e-06
0.00535025 5.11527e-07 5.11453e-06
0.00535025 3.32455e-07 5.44842e-06
0.00535025 3.67937e-07 5.95624e-06
0.00535025 4.30306e-07 6.93496e-06
0.00535025 5.76848e-07 2.24108e-05
0.00535025 5.14727e-07 8.85659e-06
0.00535025 4.70623e-07 9.90539e-06
0.00535025 4.64414e-07 4.25938e-06
0.00535025 3.90396e-07 3.21218e-06
0.00535025 4.40184e-07 6.69767e-06
0.00535025 4.49296e-07 1.24012e-05
0.00535025 3.72957e-07 1.04259e-05
0.00535025 4.56038e-07 7.82537e-06
0.00535025 5.24964e-07 5.44632e-06
0.00535025 3.46516e-07 5.5929e-06
0.00535025 3.75636e-07 7.68503e-06
0.00535025 5.60774e-07 9.10704e-06
0.00535025 4.09015e-07 1.17054e-05
0.00535025 4.77437e-07 7.04436e-06
0.00535025 5.44035e-07 6.35129e-06
0.00535025 4.17795e-07 8.74284e-06
0.00535025 3.31934e-07 7.43221e-06
0.00535025 3.93337e-07 5.30047e-06
0.00535025 4.20821e-07 1.00179e-05
0.00535025 7.21602e-07 4.08661e-06
0.00535025 5.14111e-07 1.19151e-05
0.00535025 4.68321e-07 1.37094e-05
0.00535025 3.33952e-07 7.1398e-06
0.00535025 2.58372e-07 4.65096e-06
0.00535025 3.58027e-07 8.62488e-06
0.00535025 3.48175e-07 3.51604e-06
0.00535025 3.27911e-07 3.7041e-06
0.00535025 3.43269e-07 8.75128e-06
0.00535025 2.97044e-07 1.7956e-05
0.00535025 2.20082e-07 1.0777e-05
0.00535025 2.81355e-07 7.03046e-06
0.00535025 4.63172e-07 6.88792e-06
0.00535025 3.79835e-07 3.55075e-06
0.00535025 4.92831e-07 6.034e-06
0.00535025 5.32434e-07 8.59917e-06
0.00535025 3.7074e-07 8.76168e-06
0.00535025 2.75479e-07 9.76878e-06
0.00535025 4.08455e-07 1.08365e-05
0.00535025 4.19482e-07 7.71638e-06
0.00535025 4.01682e-07 7.46482e-06
0.00535025 4.12365e-07 5.26453e-06
0.00535025 4.68551e-07 1.06033e-05
0.00535025 5.62482e-07 6.88065e-06
0.00535025 2.79636e-07 9.458e-06
0.00535025 3.68515e-07 8.03045e-06
0.00535025 6.41329e-07 1.39544e-05
0.00535025 4.47333e-07 1.74645e-05
0.00535025 5.86007e-07 1.36517e-05
0.00535025 4.27343e-07 2.27703e-05
0.00535025 2.64396e-07 1.06975e-05
0.00535025 3.34859e-07 9.16166e-06
0.00535025 3.20771e-07 2.67734e-06
0.00535025 4.00002e-07 8.40382e-06
0.00535025 3.25802e-07 3.23945e-05
0.00535025 4.84648e-07 9.8025e-06
0.00535025 4.11412e-07 3.71493e-06
0.00535025 3.49575e-07 4.08094e-06
0.00535025 3.28368e-07 1.02396e-05
0.00535025 3.45213e-07 5.6838e-06
0.00535025 3.88119e-07 6.35864e-06
0.00535025 5.12191e-07 6.34413e-06
0.00535025 3.65225e-07 8.87117e-06
0.00535025 3.79848e-07 4.44458e-06
0.00535025 5.08162e-07 6.59277e-06
0.00535025 4.77809e-07 7.76536e-06
0.00535025 3.91641e-07 7.44747e-06
0.00535025 4.39689e-07 1.08221e-05
0.00535025 4.51552e-07 1.0157e-05
0.00535025 5.07296e-07 2.2588e-05
0.00535025 3.69027e-07 6.8538e-06
0.00535025 3.6251e-07 7.96833e-06
0.00535025 3.71134e-07 5.45504e-06
0.00535025 3.86811e-07 1.00737e-05
0.00535025 4.72788e-07 1.14853e-05
0.00535025 4.10749e-07 4.59774e-06
0.00535025 5.02108e-07 1.5822e-05
0.00535025 4.93881e-07 1.13021e-05
0.00535025 3.84446e-07 8.74995e-06
0.00535025 3.52505e-07 4.20947e-06
0.00535025 3.46285e-07 3.13956e-06
0.00615279 4.23365e-07 6.90415e-06
0.00615279 6.55508e-07 1.1092e-05
0.00615279 7.60208e-07 1.03956e-05
0.00615279 5.62617e-07 5.44452e-06
0.00615279 4.29496e-07 2.03894e-05
0.00615279 6.27054e-07 1.5317e-05
0.00615279 6.05775e-07 3.7589e-05
0.00615279 5.38907e-07 9.4941e-06
0.00615279 9.04651e-07 1.08779e-05
0.00615279 8.04839e-07 1.96706e-05
0.00615279 7.70546e-07 7.11197e-06
0.00615279 6.9613e-07 1.75214e-05
0.00615279 7.0071e-07 8.69814e-06
0.00615279 6.20627e-07 1.24093e-05
0.00615279 7.44691e-07 8.407e-06
0.00615279 7.59543e-07 1.45701e-05
0.00615279 4.88922e-07 1.25609e-05
0.00615279 4.63641e-07 7.69764e-06
0.00615279 7.54542e-07 2.50717e-05
0.00615279 6.63843e-07 9.95587e-06
0.00615279 6.76055e-07 1.47388e-05
0.00615279 5.23407e-07 1.00531e-05
0.00615279 5.17359e-07 1.1616e-05
0.00615279 5.46939e-07 8.30976e-06
0.00615279 4.99467e-07 9.55308e-06
0.00615279 5.04944e-07 9.72274e-06
0.00615279 5.08533e-07 5.66211e-06
0.00615279 6.47478e-07 1.05593e-05
0.00615279 5.34187e-07 1.46144e-05
0.00615279 5.66111e-07 2.77429e-05
0.00615279 6.48168e-07 9.74286e-06
0.00615279 5.82619e-07 8.30796e-06
0.00615279 7.48032e-07 8.24246e-06
0.00615279 4.34659e-07 7.33645e-06
0.00615279 6.93166e-07 8.12696e-06
0.00615279 5.7131e-07 2.46396e-05
0.00615279 5.05117e-07 2.89187e-05
0.00615279 5.50716e-07 8.0187e-06
0.00615279 4.02092e-07 1.01918e-05
0.00615279 6.17724e-07 1.48729e-05
0.00615279 4.02403e-07 1.50647e-05
0.00615279 5.09566e-07 6.49991e-06
0.00615279 3.86479e-07 1.50023e-05
0.00615279 5.51511e-07 1.6356e-05
0.00615279 5.08823e-07 9.12514e-06
0.00615279 4.7801e-07 6.12556e-06
0.00615279 7.21107e-07 3.06596e-05
0.00615279 8.33134e-07 7.68564e-06
0.00615279 4.10747e-07 1.73082e-05
0.00615279 6.46765e-07 7.14778e-06
0.00615279 8.73264e-07 9.51754e-06
0.00615279 6.07178e-07 6.59443e-06
0.00615279 7.21271e-07 2.18994e-05
0.00615279 7.12445e-07 1.09843e-05
0.00615279 7.75623e-07 7.20908e-06
0.00615279 5.43684e-07 1.6341e-05
0.00615279 4.44782e-07 9.12037e-06
0.00615279 4.2401e-07 1.34495e-05
0.00615279 7.15855e-07 1.13413e-05
0.00615279 6.00384e-07 8.39369e-06
0.00615279 5.86471e-07 3.01988e-05
0.00615279 7.2734e-07 1.46987e-05
0.00615279 4.67865e-07 9.74047e-06
0.00615279 8.20911e-07 1.02656e-05
0.00615279 7.92212e-07 6.42879e-06
0.00615279 4.87336e-07 1.12136e-05
0.00615279 5.0857e-07 9.36981e-06
0.00615279 4.59442e-07 1.01439e-05
0.00615279 5.85448e-07 1.21522e-05
0.00615279 7.60622e-07 1.92775e-05
0.00615279 5.63951e-07 1.39834e-05
0.00615279 5.33412e-07 4.64586e-06
0.00615279 5.01988e-07 9.24058e-06
0.00615279 4.90309e-07 1.24955e-05
0.00615279 5.08269e-07 1.12244e-05
0.00615279 5.30347e-07 1.33713e-05
0.00615279 8.68968e-07 7.31006e-06
0.00615279 4.78598e-07 8.01126e-06
0.00615279 6.4865e-07 2.4607e-05
0.00615279 4.01979e-07 9.014e-06
0.00615279 6.03558e-07 6.65746e-06
0.00615279 4.94573e-07 1.47336e-05
0.00615279 5.98705e-07 1.6987e-05
0.00615279 4.01468e-07 1.48695e-05
0.00615279 4.65027e-07 1.08888e-05
0.00615279 5.48004e-07 1.43118e-05
0.00615279 4.89862e-07 5.94642e-06
0.00615279 7.96052e-07 1.11899e-05
0.00615279 4.97613e-07 5.85534e-06
0.00615279 3.9837e-07 6.94805e-06
0.00615279 7.56821e-07 3.16589e-05
0.00615279 5.83014e-07 1.54841e-05
0.00615279 5.96976e-07 1.14646e-05
0.00615279 9.11631e-07 1.41557e-05
0.00615279 5.41504e-07 1.79562e-05
0.00615279 3.48175e-07 8.5651e-06
0.00615279 5.26247e-07 1.67335e-05
0.00615279 5.563e-07 1.12894e-05
0.00615279 4.75213e-07 4.84997e-06
0.00615279 5.16911e-07 1.17608e-05
0.00707571 8.07643e-07 7.66151e-06
0.00707571 7.18111e-07 1.47208e-05
0.00707571 7.60837e-07 2.58976e-05
0.00707571 7.88483e-07 1.06055e-05
0.00707571 7.01822e-07 1.60059e-05
0.00707571 6.46397e-07 2.29438e-05
0.00707571 6.41106e-07 2.72937e-05
0.00707571 9.51497e-07 9.65901e-06
0.00707571 7.08599e-07 1.79048e-05
0.00707571 4.89158e-07 5.92161e-06
0.00707571 7.01159e-07 1.60359e-05
0.00707571 7.20403e-07 9.94247e-06
0.00707571 1.0967e-06 1.84841e-05
0.00707571 8.39187e-07 9.70141e-06
0.00707571 7.50374e-07 8.94409e-06
0.00707571 6.31991e-07 2.102e-05
0.00707571 9.39075e-07 1.31304e-05
0.00707571 8.15271e-07 5.71554e-06
0.00707571 8.76896e-07 1.05119e-05
0.00707571 7.94574e-07 5.37238e-06
0.00707571 8.70599e-07 8.78196e-06
0.00707571 7.21803e-07 4.3265e-06
0.00707571 6.12894e-07 1.10966e-05
0.00707571 8.35905e-07 1.30918e-05
0.00707571 7.04556e-07 1.43436e-05
0.00707571 8.00025e-07 2.20645e-05
0.00707571 6.78078e-07 6.53674e-06
0.00707571 6.75198e-07 1.2863e-05
0.00707571 6.1349e-07 6.92117e-06
0.00707571 6.42618e-07 1.26004e-05
0.00707571 7.82222e-07 1.75367e-05
0.00707571 7.69221e-07 8.0329e-06
0.00707571 8.10791e-07 1.83895e-05
0.00707571 9.1074e-07 7.38891e-06
0.00707571 6.03967e-07 8.17644e-06
0.00707571 6.98433e-07 1.37843e-05
0.00707571 7.17952e-07 3.80194e-05
0.00707571 6.66258e-07 1.14514e-05
0.00707571 7.33209e-07 1.11158e-05
0.00707571 7.3599e-07 9.74916e-06
0.00707571 6.6837e-07 1.12061e-05
0.00707571 6.84462e-07 1.55887e-05
0.00707571 8.98082e-07 1.00456e-05
0.00707571 7.02788e-07 8.43343e-06
0.00707571 7.94605e-07 3.17602e-05
0.00707571 6.98548e-07 6.99587e-06
0.00707571 6.538e-07 1.55486e-05
0.00707571 5.8585e-07 1.56018e-05
0.00707571 5.42614e-07 2.40918e-05
0.00707571 8.57361e-07 1.14774e-05
0.00707571 6.53588e-07 1.59739e-05
0.00707571 5.39578e-07 1.40953e-05
0.00707571 6.22637e-07 1.8844e-05
0.00707571 8.31473e-07 2.15087e-05
0.00707571 7.39105e-07 2.30938e-05
0.00707571 6.85678e-07 7.97161e-06
0.00707571 7.65141e-07 1.46244e-05
0.00707571 1.02178e-06 1.92788e-05
0.00707571 4.87472e-07 7.56793e-06
0.00707571 7.08145e-07 6.32694e-06
0.00707571 7.89748e-07 1.34885e-05
0.00707571 6.88539e-07 2.04658e-05
0.00707571 5.54278e-07 1.12466e-05
0.00707571 8.83673e-07 1.3981e-05
0.00707571 6.82817e-07 9.63178e-06
0.00707571 8.26981e-07 1.68327e-05
0.00707571 6.51903e-07 1.01089e-05
0.00707571 6.84833e-07 6.28205e-06
0.00707571 6.88007e-07 9.06959e-06
0.00707571 6.77781e-07 1.43838e-05
0.00707571 9.94562e-07 6.43496e-06
0.00707571 7.68614e-07 1.02147e-05
0.00707571 8.10741e-07 1.28416e-05
0.00707571 6.30876e-07 6.7697e-06
0.00707571 9.20636e-07 1.09827e-05
0.00707571 5.68409e-07 6.09976e-06
0.00707571 8.98282e-07 2.28186e-05
0.00707571 7.3674e-07 7.84584e-06
0.00707571 7.47476e-07 2.88998e-05
0.00707571 7.63898e-07 1.46463e-05
0.00707571 7.4622e-07 2.38594e-05
0.00707571 7.50962e-07 1.09444e-05
0.00707571 8.06323e-07 1.42741e-05
0.00707571 7.11898e-07 8.93435e-06
0.00707571 5.08874e-07 1.62982e-05
0.00707571 5.8605e-07 1.25906e-05
0.00707571 8.7156e-07 2.39788e-05
0.00707571 7.49908e-07 5.35975e-06
0.00707571 7.13879e-07 1.77438e-05
0.00707571 7.04624e-07 1.00323e-05
0.00707571 5.4456e-07 8.62799e-06
0.00707571 7.0949e-07 8.89453e-06
0.00707571 8.9666e-07 3.23556e-05
0.00707571 4.56552e-07 6.23355e-06
0.00707571 8.66703e-07 1.81745e-05
0.00707571 6.436e-07 1.12515e-05
0.00707571 6.49514e-07 6.34049e-06
0.00707571 8.91519e-07 8.70695e-06
0.00707571 5.95685e-07 4.25923e-06
0.00707571 6.42092e-07 8.51411e-06
0.00813706 8.39104e-07 1.99637e-05
0.00813706 7.89593e-07 1.11787e-05
0.00813706 1.12209e-06 1.83366e-05
0.00813706 1.26931e-06 2.54229e-05
0.00813706 9.31482e-07 1.64191e-05
0.00813706 1.23765e-06 1.90714e-05
0.00813706 1.0202e-06 2.99871e-05
0.00813706 1.07713e-06 1.37835e-05
0.00813706 1.37759e-06 1.6596e-05
0.00813706 1.2968e-06 1.37149e-05
0.00813706 1.19228e-06 1.29453e-05
0.00813706 7.96707e-07 1.14166e-05
0.00813706 8.32248e-07 7.75162e-06
0.00813706 8.71183e-07 7.32207e-06
0.00813706 1.14052e-06 2.32689e-05
0.00813706 8.50845e-07 3.69601e-05
0.00813706 9.16997e-07 1.20911e-05
0.00813706 1.07158e-06 1.42921e-05
0.00813706 7.13285e-07 2.04286e-05
0.00813706 9.59313e-07 8.47393e-06
0.00813706 1.2799e-06 1.36492e-05
0.00813706 8.06618e-07 1.48408e-05
0.00813706 9.60164e-07 1.19864e-05
0.00813706 1.10195e-06 2.03755e-05
0.00813706 9.07513e-07 1.16389e-05
0.00813706 1.13454e-06 3.08451e-05
0.00813706 9.89366e-07 1.57815e-05
0.00813706 1.061e-06 1.98993e-05
0.00813706 1.06951e-06 1.42384e-05
0.00813706 9.85883e-07 3.6048e-05
0.00813706 1.09308e-06 1.86923e-05
0.00813706 1.3533e-06 2.72908e-05
0.00813706 7.94925e-07 1.83145e-05
0.00813706 1.06905e-06 6.29562e-06
0.00813706 9.19372e-07 1.66003e-05
0.00813706 1.11602e-06 1.06777e-05
0.00813706 9.8789e-07 1.37831e-05
0.00813706 7.35044e-07 9.56463e-06
0.00813706 9.03228e-07 1.59628e-05
0.00813706 9.38351e-07 3.77979e-05
0.00813706 1.01688e-06 1.89688e-05
0.00813706 7.23536e-07 1.00682e-05
0.00813706 1.04512e-06 3.61877e-05
0.00813706 1.09292e-06 1.59758e-05
0.00813706 9.58731e-07 2.87779e-05
0.00813706 9.37347e-07 1.05903e-05
0.00813706 1.12604e-06 2.56412e-05
0.00813706 9.83826e-07 1.19588e-05
0.00813706 1.02108e-06 1.87235e-05
0.00813706 1.22964e-06 1.39062e-05
0.00813706 6.05739e-07 1.22558e-05
0.00813706 8.84321e-07 1.48577e-05
0.00813706 1.17927e-06 2.38221e-05
0.00813706 8.67791e-07 1.87891e-05
0.00813706 6.99848e-07 1.79207e-05
0.00813706 7.60073e-07 1.80176e-05
0.00813706 1.14507e-06 3.08241e-05
0.00813706 9.11678e-07 1.73889e-05
0.00813706 1.05948e-06 1.93212e-05
0.00813706 7.97374e-07 7.8767e-06
0.00813706 7.21578e-07 2.95853e-05
0.00813706 1.15921e-06 2.00443e-05
0.00813706 9.31505e-07 1.81321e-05
0.00813706 7.49434e-07 1.9844e-05
0.00813706 1.13895e-06 1.74527e-05
0.00813706 1.06075e-06 3.29363e-05
0.00813706 9.70887e-07 4.64088e-05
0.00813706 1.13989e-06 1.88837e-05
0.00813706 8.45336e-07 1.49401e-05
0.00813706 1.05781e-06 2.52903e-05
0.00813706 7.05923e-07 2.45625e-05
0.00813706 9.21033e-07 1.87675e-05
0.00813706 8.89685e-07 1.7764e-05
0.00813706 6.36784e-07 1.3816e-05
0.00813706 8.23159e-07 1.8242e-05
0.00813706 8.33806e-07 1.95058e-05
0.00813706 8.79892e-07 1.43728e-05
0.00813706 8.55937e-07 2.39396e-05
0.00813706 7.84454e-07 1.8621e-05
0.00813706 1.01605e-06 1.59149e-05
0.00813706 9.82729e-07 1.92053e-05
0.00813706 1.17568e-06 1.6599e-05
0.00813706 7.71384e-07 8.14536e-06
0.00813706 9.72817e-07 4.18302e-05
0.00813706 1.36598e-06 3.44091e-05
0.00813706 8.81678e-07 3.07981e-05
0.00813706 8.25728e-07 1.56215e-05
0.00813706 9.55291e-07 1.45226e-05
0.00813706 9.3265e-07 1.40575e-05
0.00813706 1.38865e-06 1.3435e-05
0.00813706 8.70756e-07 1.62496e-05
0.00813706 1.00898e-06 1.11663e-05
0.00813706 7.82754e-07 2.65861e-05
0.00813706 1.32536e-06 1.81849e-05
0.00813706 1.07996e-06 2.32124e-05
0.00813706 1.07707e-06 1.59002e-05
0.00813706 7.47196e-07 4.281e-05
0.00813706 1.10935e-06 3.42472e-05
0.00813706 1.13279e-06 1.55801e-05
0.00813706 9.7671e-07 2.78242e-05
0.00935762 1.47902e-06 3.16888e-05
0.00935762 1.71692e-06 2.99908e-05
0.00935762 1.13358e-06 2.57743e-05
0.00935762 1.17924e-06 2.57526e-05
0.00935762 9.40507e-07 4.47611e-05
0.00935762 7.837e-07 1.34095e-05
0.00935762 1.55661e-06 4.4494e-05
0.00935762 1.40953e-06 3.02836e-05
0.00935762 1.34794e-06 9.40535e-06
0.00935762 1.12253e-06 2.35976e-05
0.00935762 8.02472e-07 4.72019e-05
0.00935762 1.4358e-06 1.81722e-05
0.00935762 8.76565e-07 3.02275e-05
0.00935762 2.15618e-06 2.07847e-05
0.00935762 1.0356e-06 1.44017e-05
0.00935762 1.37074e-06 1.04326e-05
0.00935762 1.86055e-06 1.36873e-05
0.00935762 1.11782e-06 7.18217e-05
0.00935762 1.30995e-06 1.36982e-05
0.00935762 1.13609e-06 2.52959e-05
0.00935762 1.62914e-06 2.43686e-05
0.00935762 1.33271e-06 2.22216e-05
0.00935762 1.42844e-06 1.50902e-05
0.00935762 9.61456e-07 2.60922e-05
0.00935762 1.4121e-06 1.35836e-05
0.00935762 1.24016e-06 2.24359e-05
0.00935762 1.12288e-06 2.22342e-05
0.00935762 1.13504e-06 1.71868e-05
0.00935762 1.28934e-06 2.59975e-05
0.00935762 1.7021e-06 3.52651e-05
0.00935762 1.4305e-06 3.84158e-05
0.00935762 1.34313e-06 1.60254e-05
0.00935762 8.49038e-07 1.41062e-05
0.00935762 1.54562e-06 5.65712e-05
0.00935762 9.36878e-07 1.76701e-05
0.00935762 1.76629e-06 4.07449e-05
0.00935762 9.34126e-07 1.96277e-05
0.00935762 1.42239e-06 1.7514e-05
0.00935762 1.23197e-06 1.81769e-05
0.00935762 1.36256e-06 1.83545e-05
0.00935762 1.18574e-06 1.10349e-05
0.00935762 1.32664e-06 3.03002e-05
0.00935762 1.49061e-06 2.76814e-05
0.00935762 1.25207e-06 3.07086e-05
0.00935762 1.73559e-06 2.32407e-05
0.00935762 9.62755e-07 1.09853e-05
0.00935762 1.57375e-06 4.58063e-05
0.00935762 1.24829e-06 1.94569e-05
0.00935762 9.59906e-07 2.08519e-05
0.00935762 1.39229e-06 9.8523e-06
0.00935762 1.0598e-06 2.67174e-05
0.00935762 1.1905e-06 2.48042e-05
0.00935762 1.58525e-06 5.02015e-05
0.00935762 7.88072e-07 3.17812e-05
0.00935762 1.18197e-06 1.31722e-05
0.00935762 1.30015e-06 1.40265e-05
0.00935762 1.38411e-06 2.82014e-05
0.00935762 9.28001e-07 1.43277e-05
0.00935762 1.32347e-06 3.80169e-05
0.00935762 1.0247e-06 2.67637e-05
0.00935762 9.35906e-07 2.50911e-05
0.00935762 1.15298e-06 1.87154e-05
0.00935762 1.4577e-06 2.9969e-05
0.00935762 1.40144e-06 1.67629e-05
0.00935762 1.79927e-06 1.61138e-05
0.00935762 1.4067e-06 3.11325e-05
0.00935762 1.01982e-06 1.58001e-05
0.00935762 1.20337e-06 9.23075e-05
0.00935762 1.17365e-06 1.28616e-05
0.00935762 1.50212e-06 7.69269e-06
0.00935762 1.49895e-06 2.19118e-05
0.00935762 1.18341e-06 5.24963e-05
0.00935762 1.42189e-06 2.90153e-05
0.00935762 1.71035e-06 2.82364e-05
0.00935762 1.17925e-06 1.44864e-05
0.00935762 1.43201e-06 2.57103e-05
0.00935762 1.22765e-06 1.6988e-05
0.00935762 1.1407e-06 1.45674e-05
0.00935762 1.15467e-06 1.33837e-05
0.00935762 1.07857e-06 4.04075e-05
0.00935762 1.19113e-06 4.49997e-05
0.00935762 1.0602e-06 3.33283e-05
0.00935762 2.15981e-06 4.62823e-05
0.00935762 1.65106e-06 1.32838e-05
0.00935762 1.01294e-06 1.3735e-05
0.00935762 1.14649e-06 3.27432e-05
0.00935762 2.10673e-06 1.58548e-05
0.00935762 1.41788e-06 2.23033e-05
0.00935762 1.20375e-06 2.75776e-05
0.00935762 1.34631e-06 2.35877e-05
0.00935762 9.32025e-07 2.44331e-05
0.00935762 1.02546e-06 2.7242e-05
0.00935762 1.21099e-06 1.08328e-05
0.00935762 9.54507e-07 1.98534e-05
0.00935762 1.1148e-06 3.08784e-05
0.00935762 8.39047e-07 5.05267e-05
0.00935762 1.19253e-06 1.97824e-05
0.00935762 1.14761e-06 1.87428e-05
0.00935762 1.20852e-06 5.31601e-05
0.00935762 1.14266e-06 1.53863e-05
0.0107613 1.40055e-06 3.11237e-05
0.0107613 1.56469e-06 9.10095e-05
0.0107613 1.79071e-06 1.98372e-05
0.0107613 1.28528e-06 2.85841e-05
0.0107613 2.6913e-06 3.81811e-05
0.0107613 1.44753e-06 3.02295e-05
0.0107613 1.9324e-06 7.61669e-05
0.0107613 1.61043e-06 4.19534e-05
0.0107613 2.02258e-06 3.80999e-05
0.0107613 9.93274e-07 3.52594e-05
0.0107613 1.6903e-06 2.95815e-05
0.0107613 1.13673e-06 1.02652e-05
0.0107613 1.57808e-06 7.71374e-05
0.0107613 2.22857e-06 3.20755e-05
0.0107613 2.18717e-06 2.96751e-05
0.0107613 1.61908e-06 5.27198e-05
0.0107613 2.46844e-06 6.50792e-05
0.0107613 1.52724e-06 3.29355e-05
0.0107613 1.17879e-06 2.83542e-05
0.0107613 1.381e-06 2.56162e-05
0.0107613 1.71813e-06 3.21021e-05
0.0107613 1.14851e-06 2.11025e-05
0.0107613 1.6087e-06 3.32573e-05
0.0107613 1.79562e-06 2.96179e-05
0.0107613 1.68926e-06 5.35988e-05
0.0107613 1.94699e-06 2.79357e-05
0.0107613 1.63977e-06 2.91903e-05
0.0107613 1.39728e-06 1.73518e-05
0.0107613 1.68308e-06 4.14135e-05
0.0107613 1.94577e-06 4.01199e-05
0.0107613 1.46761e-06 7.53953e-05
0.0107613 1.80518e-06 2.08797e-05
0.0107613 1.88814e-06 5.38065e-05
0.0107613 1.61462e-06 2.63531e-05
0.0107613 2.09514e-06 3.60644e-05
0.0107613 1.57884e-06 2.27415e-05
0.0107613 1.95805e-06 4.38525e-05
0.0107613 1.53726e-06 3.59006e-05
0.0107613 1.24129e-06 2.8191e-05
0.0107613 1.6776e-06 5.27179e-05
0.0107613 1.0891e-06 2.04555e-05
0.0107613 9.23836e-07 1.46418e-05
0.0107613 1.71363e-06 3.93227e-05
0.0107613 1.68058e-06 7.33066e-05
0.0107613 1.74406e-06 3.33051e-05
0.0107613 1.38061e-06 5.24061e-05
0.0107613 1.56529e-06 2.24195e-05
0.0107613 1.43675e-06 3.82798e-05
0.0107613 1.40491e-06 1.74084e-05
0.0107613 1.69317e-06 3.47381e-05
0.0107613 1.7136e-06 5.21728e-05
0.0107613 1.6207e-06 3.90771e-05
0.0107613 1.73064e-06 1.8372e-05
0.0107613 1.31299e-06 4.24752e-05
0.0107613 1.88682e-06 3.11655e-05
0.0107613 1.70799e-06 5.55044e-05
0.0107613 1.6931e-06 4.61475e-05
0.0107613 1.9599e-06 1.41279e-05
0.0107613 1.53182e-06 3.28037e-05
0.0107613 1.51552e-06 1.65195e-05
0.0107613 1.49286e-06 4.53399e-05
0.0107613 1.29483e-06 7.75477e-05
0.0107613 1.65221e-06 3.71286e-05
0.0107613 1.9464e-06 4.52914e-05
0.0107613 1.70166e-06 2.62506e-05
0.0107613 2.21771e-06 2.99535e-05
0.0107613 1.49716e-06 0.000119471
0.0107613 2.08427e-06 3.02624e-05
0.0107613 1.56902e-06 5.2418e-05
0.0107613 2.18783e-06 3.54997e-05
0.0107613 2.11565e-06 3.53072e-05
0.0107613 1.84683e-06 4.34544e-05
0.0107613 2.06228e-06 3.88932e-05
0.0107613 2.17293e-06 2.71772e-05
0.0107613 1.82885e-06 2.73864e-05
0.0107613 1.49026e-06 2.10151e-05
0.0107613 1.81179e-06 4.6827e-05
0.0107613 1.48675e-06 3.03898e-05
0.0107613 1.79149e-06 1.64546e-05
0.0107613 1.26272e-06 1.4229e-05
0.0107613 1.64244e-06 3.45142e-05
0.0107613 1.31293e-06 2.29914e-05
0.0107613 2.15755e-06 4.40429e-05
0.0107613 2.07341e-06 3.43997e-05
0.0107613 1.46396e-06 2.28038e-05
0.0107613 1.34138e-06 2.15897e-05
0.0107613 1.28134e-06 2.62463e-05
0.0107613 1.31369e-06 2.08345e-05
0.0107613 1.80598e-06 2.58947e-05
0.0107613 1.9429e-06 2.97408e-05
0.0107613 2.03889e-06 6.15534e-05
0.0107613 1.13947e-06 2.18665e-05
0.0107613 1.64165e-06 3.39898e-05
0.0107613 2.12999e-06 5.54511e-05
0.0107613 1.42661e-06 1.71856e-05
0.0107613 2.01241e-06 1.90992e-05
0.0107613 1.6969e-06 4.41683e-05
0.0107613 2.34207e-06 3.22454e-05
0.0107613 1.48263e-06 2.85996e-05
0.0107613 1.56729e-06 9.31674e-06
0.0123755 1.87167e-06 5.48642e-05
0.0123755 2.98948e-06 4.34178e-05
0.0123755 2.13179e-06 6.22807e-05
0.0123755 1.9066e-06 5.35966e-05
0.0123755 1.93696e-06 2.58646e-05
0.0123755 2.3728e-06 2.88479e-05
0.0123755 2.0437e-06 2.29332e-05
0.0123755 2.88616e-06 3.03681e-05
0.0123755 1.57623e-06 2.67531e-05
0.0123755 1.51673e-06 2.07167e-05
0.0123755 2.18422e-06 3.69897e-05
0.0123755 1.60306e-06 4.55597e-05
0.0123755 1.5778e-06 7.04543e-05
0.0123755 1.8649e-06 3.26568e-05
0.0123755 1.5874e-06 2.70409e-05
0.0123755 1.5931e-06 2.89485e-05
0.0123755 1.84244e-06 4.25979e-05
0.0123755 2.16743e-06 4.68841e-05
0.0123755 3.07733e-06 8.94045e-05
0.0123755 1.56466e-06 2.46223e-05
0.0123755 1.84888e-06 9.78425e-05
0.0123755 2.27918e-06 5.73959e-05
0.0123755 2.08512e-06 2.82981e-05
0.0123755 2.26693e-06 3.06135e-05
0.0123755 2.19527e-06 4.36871e-05
0.0123755 2.4271e-06 2.93933e-05
0.0123755 2.06674e-06 3.88044e-05
0.0123755 1.6348e-06 2.17575e-05
0.0123755 1.90185e-06 3.61572e-05
0.0123755 2.1971e-06 5.30667e-05
0.0123755 2.9734e-06 7.53996e-05
0.0123755 2.42809e-06 5.22668e-05
0.0123755 2.69983e-06 4.95312e-05
0.0123755 2.53212e-06 3.42995e-05
0.0123755 2.46705e-06 4.60559e-05
0.0123755 2.02159e-06 5.7327e-05
0.0123755 1.76911e-06 2.93519e-05
0.0123755 1.8558e-06 1.7391e-05
0.0123755 1.95133e-06 6.85278e-05
0.0123755 1.67435e-06 4.50263e-05
0.0123755 2.33126e-06 2.57055e-05
0.0123755 2.15063e-06 4.69016e-05
0.0123755 2.43004e-06 4.71278e-05
0.0123755 2.80467e-06 6.74958e-05
0.0123755 1.80404e-06 2.54935e-05
0.0123755 3.07128e-06 3.78857e-05
0.0123755 2.25625e-06 7.04199e-05
0.0123755 2.41978e-06 7.24317e-05
0.0123755 2.47849e-06 5.08853e-05
0.0123755 2.68462e-06 5.28299e-05
0.0123755 1.89462e-06 3.60053e-05
0.0123755 1.95027e-06 2.13074e-05
0.0123755 2.0737e-06 3.17061e-05
0.0123755 2.17711e-06 2.57876e-05
0.0123755 1.95482e-06 4.07136e-05
0.0123755 1.82328e-06 4.14558e-05
0.0123755 1.97623e-06 4.04596e-05
0.0123755 3.49538e-06 4.20664e-05
0.0123755 2.49008e-06 0.000122955
0.0123755 2.62422e-06 3.88263e-05
0.0123755 2.29275e-06 3.83321e-05
0.0123755 2.22629e-06 3.6097e-05
0.0123755 2.26087e-06 4.46596e-05
0.0123755 1.95924e-06 3.10699e-05
0.0123755 1.81416e-06 2.72178e-05
0.0123755 2.60095e-06 2.71559e-05
0.0123755 2.54664e-06 4.31811e-05
0.0123755 2.39056e-06 5.18456e-05
0.0123755 2.74573e-06 3.90606e-05
0.0123755 2.10374e-06 2.59066e-05
0.0123755 1.60924e-06 8.07076e-05
0.0123755 1.35116e-06 2.86779e-05
0.0123755 2.14673e-06 2.21688e-05
0.0123755 4.04259e-06 7.99472e-05
0.0123755 2.62253e-06 4.11466e-05
0.0123755 1.60229e-06 5.74072e-05
0.0123755 1.78275e-06 1.91543e-05
0.0123755 2.11432e-06 3.40994e-05
0.0123755 2.50001e-06 6.87799e-05
0.0123755 2.14277e-06 4.72437e-05
0.0123755 2.12986e-06 3.66742e-05
0.0123755 2.5628e-06 3.3576e-05
0.0123755 1.46374e-06 4.6021e-05
0.0123755 2.53603e-06 3.31959e-05
0.0123755 2.00371e-06 9.92523e-05
0.0123755 2.21047e-06 4.28718e-05
0.0123755 2.45565e-06 0.000113803
0.0123755 2.09784e-06 4.34198e-05
0.0123755 1.77329e-06 2.29288e-05
0.0123755 2.61842e-06 2.31166e-05
0.0123755 2.37604e-06 6.13758e-05
0.0123755 1.93899e-06 9.98897e-05
0.0123755 2.04954e-06 7.15326e-05
0.0123755 1.86316e-06 7.95742e-05
0.0123755 1.8127e-06 3.13683e-05
0.0123755 2.1685e-06 2.8937e-05
0.0123755 3.08866e-06 2.56843e-05
0.0123755 2.47742e-06 2.82478e-05
0.0123755 2.2698e-06 7.60521e-05
0.0123755 2.42793e-06 4.56037e-05
0.0142318 2.42385e-06 6.19439e-05
0.0142318 3.09653e-06 9.97037e-05
0.0142318 2.65874e-06 0.000127175
0.0142318 2.67116e-06 4.51543e-05
0.0142318 2.58494e-06 4.68161e-05
0.0142318 2.68503e-06 3.80797e-05
0.0142318 2.90461e-06 0.000135905
0.0142318 4.16083e-06 3.75574e-05
0.0142318 3.3918e-06 5.96589e-05
0.0142318 3.02421e-06 0.000107743
0.0142318 3.99462e-06 6.85681e-05
0.0142318 2.2771e-06 5.1994e-05
0.0142318 2.3356e-06 1.73064e-05
0.0142318 3.49879e-06 7.28191e-05
0.0142318 3.41111e-06 7.88667e-05
0.0142318 3.83539e-06 5.79447e-05
0.0142318 1.98498e-06 8.94608e-05
0.0142318 3.15698e-06 3.70077e-05
0.0142318 3.5941e-06 6.54236e-05
0.0142318 2.76765e-06 5.91441e-05
0.0142318 3.73797e-06 7.12922e-05
0.0142318 2.15024e-06 9.31771e-05
0.0142318 2.71237e-06 3.87375e-05
0.0142318 3.05667e-06 6.48867e-05
0.0142318 3.37307e-06 9.5466e-05
0.0142318 3.26783e-06 5.98988e-05
0.0142318 2.51168e-06 0.000110788
0.0142318 2.47124e-06 5.65578e-05
0.0142318 3.44356e-06 7.78546e-05
0.0142318 1.78544e-06 3.66469e-05
0.0142318 2.34087e-06 7.01092e-05
0.0142318 2.75604e-06 9.32579e-05
0.0142318 2.82366e-06 5.50623e-05
0.0142318 4.73733e-06 2.47619e-05
0.0142318 3.55014e-06 6.837e-05
0.0142318 3.21471e-06 6.52072e-05
0.0142318 2.07869e-06 8.95025e-05
0.0142318 3.80835e-06 6.661e-05
0.0142318 3.57834e-06 8.66764e-05
0.0142318 2.65283e-06 3.92603e-05
0.0142318 3.00647e-06 4.1631e-05
0.0142318 3.87137e-06 6.45115e-05
0.0142318 3.06801e-06 8.26662e-05
0.0142318 2.98354e-06 5.93278e-05
0.0142318 2.46416e-06 2.94299e-05
0.0142318 3.83926e-06 2.74535e-05
0.0142318 1.96431e-06 2.65057e-05
0.0142318 2.59306e-06 5.63015e-05
0.0142318 1.87227e-06 4.4899e-05
0.0142318 2.64671e-06 0.000141938
0.0142318 2.06445e-06 2.69994e-05
0.0142318 3.25121e-06 3.963e-05
0.0142318 4.72632e-06 9.79489e-05
0.0142318 2.6638e-06 3.47607e-05
0.0142318 5.92127e-06 6.10118e-05
0.0142318 3.58095e-06 7.06108e-05
0.0142318 1.86526e-06 9.70683e-05
0.0142318 3.03375e-06 0.000116822
0.0142318 2.99894e-06 4.07191e-05
0.0142318 3.36626e-06 3.62549e-05
0.0142318 2.23609e-06 2.62942e-05
0.0142318 2.99167e-06 5.00296e-05
0.0142318 3.32747e-06 6.39634e-05
0.0142318 2.7215e-06 0.000185893
0.0142318 2.17729e-06 2.57303e-05
0.0142318 2.57414e-06 7.3226e-05
0.0142318 2.19719e-06 0.000152025
0.0142318 4.5576e-06 8.24287e-05
0.0142318 2.03091e-06 8.31668e-05
0.0142318 2.62652e-06 3.49167e-05
0.0142318 3.42271e-06 1.96928e-05
0.0142318 3.10955e-06 5.84971e-05
0.0142318 2.84288e-06 1.56215e-05
0.0142318 3.08517e-06 7.26886e-05
0.0142318 2.18682e-06 4.55287e-05
0.0142318 2.46666e-06 5.86076e-05
0.0142318 3.19348e-06 7.14881e-05
